zaznam	cas	radon[Bq/m3]	sum1	sum2	sum3	sum4	Teplota[C]	Vlhkost[%]	HV	Algorit.	
310	05.06.2019 12:36	302	3	5	78	0	25	39	9	1	
311	05.06.2019 13:36	158	0	14	30	0	24	40	9	1	
312	05.06.2019 14:36	163	3	27	18	0	24	41	9	1	
313	05.06.2019 15:36	363	4	53	46	0	24	42	9	1	
314	05.06.2019 16:36	315	1	41	45	0	24	42	9	1	
315	05.06.2019 17:36	415	9	60	52	0	24	43	9	1	
316	05.06.2019 18:36	393	2	51	55	0	24	43	9	1	
317	05.06.2019 19:36	441	10	54	65	0	24	43	9	1	
318	05.06.2019 20:36	543	7	72	73	0	24	44	9	1	
319	05.06.2019 21:36	472	8	62	64	0	24	44	9	1	
320	05.06.2019 22:36	367	4	45	53	0	24	44	9	1	
321	05.06.2019 23:36	318	8	35	49	1	24	45	9	1	
322	06.06.2019 00:36	322	4	40	45	0	24	45	9	1	
323	06.06.2019 01:36	272	4	35	37	0	24	45	9	1	
324	06.06.2019 02:36	267	2	27	43	0	24	46	9	1	
325	06.06.2019 03:36	260	4	33	35	0	24	46	9	1	
326	06.06.2019 04:36	200	2	23	29	0	24	47	9	1	
327	06.06.2019 05:36	189	2	24	25	0	24	47	9	1	
328	06.06.2019 06:36	169	1	22	22	0	24	47	9	1	
329	06.06.2019 07:36	216	2	27	29	0	24	47	9	1	
330	06.06.2019 08:36	162	2	17	25	0	24	47	9	1	
331	06.06.2019 09:36	189	7	22	27	0	24	47	9	1	
332	06.06.2019 10:36	193	9	20	30	0	24	47	9	1	
333	06.06.2019 11:36	158	5	21	20	0	24	47	9	1	
334	06.06.2019 12:36	200	3	26	26	0	24	47	9	1	
335	06.06.2019 13:36	189	3	27	22	0	24	47	9	1	
336	06.06.2019 14:36	262	6	34	34	0	24	47	9	1	
337	06.06.2019 15:36	235	2	36	25	0	24	47	9	1	
338	06.06.2019 16:36	269	5	34	35	0	24	48	9	1	
339	06.06.2019 17:36	226	7	32	26	0	24	48	9	1	
340	06.06.2019 18:36	280	7	38	34	0	24	48	9	1	
341	06.06.2019 19:36	300	7	43	34	0	24	48	9	1	
342	06.06.2019 20:36	308	0	36	43	0	24	48	9	1	
343	06.06.2019 21:36	389	4	53	47	0	24	48	9	1	
344	06.06.2019 22:36	343	3	40	48	0	24	48	9	1	
345	06.06.2019 23:36	413	2	45	60	0	24	49	9	1	
346	07.06.2019 00:36	377	4	53	43	0	24	49	9	1	
347	07.06.2019 01:36	295	3	32	43	0	24	49	9	1	
348	07.06.2019 02:36	271	4	32	37	0	24	49	9	1	
349	07.06.2019 03:36	240	2	25	36	0	24	49	9	1	
350	07.06.2019 04:36	200	7	24	27	0	24	49	9	1	
351	07.06.2019 05:36	200	6	21	30	0	24	49	9	1	
352	07.06.2019 06:36	241	1	30	32	0	24	48	9	1	
353	07.06.2019 07:36	148	2	21	17	0	24	48	9	1	
354	07.06.2019 08:36	210	2	25	29	0	24	48	9	1	
355	07.06.2019 09:36	257	2	35	31	0	24	48	9	1	
356	07.06.2019 10:36	354	2	47	44	0	24	48	9	1	
357	07.06.2019 11:36	292	7	42	33	0	24	48	9	1	
358	07.06.2019 12:36	350	4	37	53	0	24	48	9	1	
359	07.06.2019 13:36	253	2	31	34	0	24	48	9	1	
360	07.06.2019 14:36	308	4	42	37	0	24	48	9	1	
361	07.06.2019 15:36	315	4	40	41	0	24	48	9	1	
362	07.06.2019 16:36	393	5	46	55	0	24	48	9	1	
363	07.06.2019 17:36	261	3	29	38	1	24	48	9	1	
364	07.06.2019 18:36	339	1	45	42	0	24	48	9	1	
365	07.06.2019 19:36	280	5	38	34	0	24	48	9	1	
366	07.06.2019 20:36	245	2	26	37	0	24	48	9	1	
367	07.06.2019 21:36	319	5	38	44	0	24	48	9	1	
368	07.06.2019 22:36	237	3	23	38	0	24	48	9	1	
369	07.06.2019 23:36	300	4	30	47	0	24	48	9	1	
370	08.06.2019 00:36	295	3	34	41	0	24	49	9	1	
371	08.06.2019 01:36	240	2	24	37	0	24	49	9	1	
372	08.06.2019 02:36	224	3	22	35	0	24	49	9	1	
373	08.06.2019 03:36	206	3	25	27	0	24	50	9	1	
374	08.06.2019 04:36	158	2	19	21	0	24	50	9	1	
375	08.06.2019 05:36	230	5	29	29	0	24	50	9	1	
376	08.06.2019 06:36	254	1	34	30	0	24	50	9	1	
377	08.06.2019 07:36	216	3	24	31	0	24	49	9	1	
378	08.06.2019 08:36	263	3	27	40	0	24	49	9	1	
379	08.06.2019 09:36	269	3	37	32	0	24	48	9	1	
380	08.06.2019 10:36	181	4	22	25	0	24	47	9	1	
381	08.06.2019 11:36	204	4	19	34	0	24	47	9	1	
382	08.06.2019 12:36	160	2	14	28	0	24	46	9	1	
383	08.06.2019 13:36	162	3	22	21	0	24	45	9	1	
384	08.06.2019 14:36	189	3	25	25	0	24	45	9	1	
385	08.06.2019 15:36	210	7	31	25	0	24	44	9	1	
386	08.06.2019 16:36	243	3	34	31	0	24	44	9	1	
387	08.06.2019 17:36	270	5	31	42	0	24	43	9	1	
388	08.06.2019 18:36	300	4	31	50	0	24	43	9	1	
389	08.06.2019 19:36	293	5	42	37	0	24	43	9	1	
390	08.06.2019 20:36	230	1	36	26	0	24	43	9	1	
391	08.06.2019 21:36	279	4	38	38	0	24	42	9	1	
392	08.06.2019 22:36	264	9	34	38	0	24	42	9	1	
393	08.06.2019 23:36	290	7	35	44	0	24	42	9	1	
394	09.06.2019 00:36	246	5	28	39	0	24	42	9	1	
395	09.06.2019 01:36	227	3	30	32	0	24	42	9	1	
396	09.06.2019 02:36	227	7	27	35	0	24	42	9	1	
397	09.06.2019 03:36	228	3	29	34	0	24	41	9	1	
398	09.06.2019 04:36	201	5	23	34	0	23	41	9	1	
399	09.06.2019 05:36	221	1	31	30	0	24	41	9	1	
400	09.06.2019 06:36	163	4	20	25	0	24	41	9	1	
401	09.06.2019 07:36	265	5	35	38	0	24	41	9	1	
402	09.06.2019 08:36	272	5	41	35	0	24	40	9	1	
403	09.06.2019 09:36	222	6	24	38	0	24	40	9	1	
404	09.06.2019 10:36	215	5	27	33	0	24	40	9	1	
405	09.06.2019 11:36	204	1	27	30	0	24	40	9	1	
406	09.06.2019 12:36	114	1	21	11	0	24	40	9	1	
407	09.06.2019 13:36	172	9	21	27	0	24	40	9	1	
408	09.06.2019 14:36	219	5	36	25	0	24	40	9	1	
409	09.06.2019 15:36	201	5	32	24	0	24	40	9	1	
410	09.06.2019 16:36	276	5	39	38	0	24	40	9	1	
411	09.06.2019 17:36	222	4	27	35	0	24	40	9	1	
412	09.06.2019 18:36	276	6	39	37	0	24	41	9	1	
413	09.06.2019 19:36	243	4	31	36	0	24	41	9	1	
414	09.06.2019 20:36	249	5	30	38	0	24	42	9	1	
415	09.06.2019 21:36	345	3	44	50	0	24	42	9	1	
416	09.06.2019 22:36	271	1	29	45	0	24	42	9	1	
417	09.06.2019 23:36	382	4	49	54	0	24	43	9	1	
418	10.06.2019 00:36	289	5	37	41	0	24	43	9	1	
419	10.06.2019 01:36	292	3	32	46	0	24	44	9	1	
420	10.06.2019 02:36	251	1	25	42	0	24	44	9	1	
421	10.06.2019 03:36	240	4	29	35	0	24	44	9	1	
422	10.06.2019 04:36	174	5	18	28	0	24	45	9	1	
423	10.06.2019 05:36	204	2	21	33	0	24	45	9	1	
424	10.06.2019 06:36	166	0	20	24	0	24	45	9	1	
425	10.06.2019 07:36	208	3	30	25	0	24	45	9	1	
426	10.06.2019 08:36	185	5	25	24	0	24	45	9	1	
427	10.06.2019 09:36	162	3	25	18	0	24	45	9	1	
428	10.06.2019 10:36	257	7	36	32	0	24	45	9	1	
429	10.06.2019 11:36	197	5	24	28	0	24	45	9	1	
430	10.06.2019 12:36	248	3	32	33	0	24	46	9	1	
431	10.06.2019 13:36	302	3	42	37	0	24	46	9	1	
432	10.06.2019 14:36	348	4	44	47	0	24	46	9	1	
433	10.06.2019 15:36	357	3	44	47	0	25	46	9	1	
434	10.06.2019 16:36	356	7	43	47	0	25	47	9	1	
435	10.06.2019 17:36	431	6	54	55	0	25	47	9	1	
436	10.06.2019 18:36	368	6	40	53	0	25	47	9	1	
437	10.06.2019 19:36	382	7	43	55	0	24	48	9	1	
438	10.06.2019 20:36	389	7	49	51	0	24	48	9	1	
439	10.06.2019 21:36	323	7	43	40	0	24	48	9	1	
440	10.06.2019 22:36	318	8	36	45	0	24	49	9	1	
441	10.06.2019 23:36	322	4	43	39	0	24	49	9	1	
442	11.06.2019 00:36	350	8	29	60	0	24	49	9	1	
443	11.06.2019 01:36	204	1	24	28	0	24	49	9	1	
444	11.06.2019 02:36	251	8	25	39	0	24	49	9	1	
445	11.06.2019 03:36	188	0	24	24	0	24	49	9	1	
446	11.06.2019 04:36	293	2	38	36	0	24	50	9	1	
447	11.06.2019 05:36	238	3	27	33	0	24	50	9	1	
448	11.06.2019 06:36	235	3	22	36	0	25	50	9	1	
449	11.06.2019 07:36	219	3	26	28	0	25	50	9	1	
450	11.06.2019 08:36	203	4	22	28	0	25	50	9	1	
451	11.06.2019 09:36	231	3	24	33	0	25	50	9	1	
452	11.06.2019 10:36	240	0	24	35	0	25	50	9	1	
453	11.06.2019 11:36	256	8	31	32	0	25	50	9	1	
454	11.06.2019 12:36	219	2	27	27	0	25	50	9	1	
455	11.06.2019 13:36	260	3	26	38	0	25	50	9	1	
456	11.06.2019 14:36	235	6	25	33	0	25	50	9	1	
457	11.06.2019 15:36	272	3	26	41	0	25	50	9	1	
458	11.06.2019 16:36	287	2	36	34	0	25	51	9	1	
459	11.06.2019 17:36	254	4	25	37	1	25	51	9	1	
460	11.06.2019 18:36	184	1	19	26	0	25	51	9	1	
461	11.06.2019 19:36	191	2	22	25	0	25	50	9	1	
462	11.06.2019 20:36	183	6	24	21	1	25	50	9	1	
463	11.06.2019 21:36	340	2	43	40	0	25	51	9	1	
464	11.06.2019 22:36	237	2	28	30	0	25	51	9	1	
465	11.06.2019 23:36	279	3	33	35	0	25	51	9	1	
466	12.06.2019 00:36	262	3	32	32	0	25	51	9	1	
467	12.06.2019 01:36	315	5	39	38	0	25	51	9	1	
468	12.06.2019 02:36	196	6	24	24	0	25	51	9	1	
469	12.06.2019 03:36	213	6	29	23	0	25	51	9	1	
470	12.06.2019 04:36	164	4	17	23	0	25	51	9	1	
471	12.06.2019 05:36	196	1	23	25	0	25	51	9	1	
472	12.06.2019 06:36	221	5	31	23	0	25	51	9	1	
473	12.06.2019 07:36	205	3	24	25	0	26	51	9	1	
474	12.06.2019 08:36	243	6	28	30	0	26	51	9	1	
475	12.06.2019 09:36	243	3	30	28	0	26	51	9	1	
476	12.06.2019 10:36	227	5	31	25	0	25	50	9	1	
477	12.06.2019 11:36	231	4	28	29	0	25	50	9	1	
478	12.06.2019 12:36	256	5	29	34	0	25	50	9	1	
479	12.06.2019 13:36	282	6	32	38	0	25	49	9	1	
480	12.06.2019 14:36	243	7	30	29	0	26	49	9	1	
481	12.06.2019 15:36	210	5	18	33	0	26	49	9	1	
482	12.06.2019 16:36	297	1	25	47	0	26	49	9	1	
483	12.06.2019 17:36	210	4	24	27	0	26	49	9	1	
484	12.06.2019 18:36	235	1	20	37	0	26	49	9	1	
485	12.06.2019 19:36	243	5	31	28	0	26	49	9	1	
486	12.06.2019 20:36	268	3	26	39	0	26	49	9	1	
487	12.06.2019 21:36	244	3	25	35	0	25	50	9	1	
488	12.06.2019 22:36	268	8	28	38	0	25	50	9	1	
489	12.06.2019 23:36	240	3	35	24	0	25	50	9	1	
490	13.06.2019 00:36	288	3	38	33	0	25	50	9	1	
491	13.06.2019 01:36	382	7	44	50	0	25	50	9	1	
492	13.06.2019 02:36	378	5	52	41	0	25	50	9	1	
493	13.06.2019 03:36	349	6	43	43	0	25	50	9	1	
494	13.06.2019 04:36	353	4	37	50	0	25	50	9	1	
495	13.06.2019 05:36	264	7	30	35	0	25	50	9	1	
496	13.06.2019 06:36	288	7	35	36	0	25	50	9	1	
497	13.06.2019 07:36	301	4	32	42	0	25	50	9	1	
498	13.06.2019 08:36	294	5	36	37	0	25	49	9	1	
499	13.06.2019 09:36	289	3	31	39	0	26	49	9	1	
500	13.06.2019 10:36	298	2	35	38	0	26	48	9	1	
501	13.06.2019 11:36	298	2	37	36	0	26	48	9	1	
502	13.06.2019 12:36	253	6	34	28	0	26	48	9	1	
503	13.06.2019 13:36	286	0	27	43	0	26	48	9	1	
504	13.06.2019 14:36	278	1	32	36	0	26	48	9	1	
505	13.06.2019 15:36	298	5	29	44	0	26	48	9	1	
506	13.06.2019 16:36	286	12	39	31	0	26	48	9	1	
507	13.06.2019 17:36	425	4	40	64	0	26	48	9	1	
508	13.06.2019 18:36	434	6	51	55	0	26	48	9	1	
509	13.06.2019 19:36	425	6	55	49	0	26	48	9	1	
510	13.06.2019 20:36	413	7	45	55	0	26	49	9	1	
511	13.06.2019 21:36	305	6	28	46	0	26	49	9	1	
512	13.06.2019 22:36	227	9	25	30	0	26	49	9	1	
513	13.06.2019 23:36	341	3	37	45	0	26	50	9	1	
514	14.06.2019 00:36	362	3	47	42	0	25	50	9	1	
515	14.06.2019 01:36	317	2	34	44	0	25	50	9	1	
516	14.06.2019 02:36	252	0	28	34	1	25	50	9	1	
517	14.06.2019 03:36	284	6	28	42	0	25	50	9	1	
518	14.06.2019 04:36	252	4	28	34	0	25	50	9	1	
519	14.06.2019 05:36	260	1	36	28	0	25	50	9	1	
520	14.06.2019 06:36	295	9	31	40	0	26	50	9	1	
521	14.06.2019 07:36	283	3	36	32	0	26	50	9	1	
522	14.06.2019 08:36	324	7	40	38	0	26	50	9	1	
523	14.06.2019 09:36	383	8	40	52	0	26	50	9	1	
524	14.06.2019 10:36	370	11	48	41	0	26	50	9	1	
525	14.06.2019 11:36	337	4	35	46	0	26	50	9	1	
526	14.06.2019 12:36	313	5	40	36	0	26	49	9	1	
527	14.06.2019 13:36	252	3	29	32	0	26	49	9	1	
528	14.06.2019 14:36	301	4	26	47	0	26	49	9	1	
529	14.06.2019 15:36	305	6	33	41	0	26	49	9	1	
530	14.06.2019 16:36	342	6	38	45	0	26	49	9	1	
531	14.06.2019 17:36	421	4	47	55	0	26	49	9	1	
532	14.06.2019 18:36	380	4	43	49	0	26	49	9	1	
533	14.06.2019 19:36	351	8	38	47	0	26	49	9	1	
534	14.06.2019 20:36	408	5	52	46	0	26	50	9	1	
535	14.06.2019 21:36	391	5	47	47	0	26	50	9	1	
536	14.06.2019 22:36	412	4	54	45	0	26	50	9	1	
537	14.06.2019 23:36	429	12	45	58	0	26	50	9	1	
538	15.06.2019 00:36	323	5	30	47	1	26	51	9	1	
539	15.06.2019 01:36	319	3	33	43	0	26	51	9	1	
540	15.06.2019 02:36	285	7	34	34	0	26	51	9	1	
541	15.06.2019 03:36	243	3	21	37	0	26	51	9	1	
542	15.06.2019 04:36	214	0	16	35	0	26	51	9	1	
543	15.06.2019 05:36	142	3	17	17	0	26	51	9	1	
544	15.06.2019 06:36	176	4	27	15	0	26	51	9	1	
545	15.06.2019 07:36	197	3	17	30	0	26	51	9	1	
546	15.06.2019 08:36	155	1	14	23	0	26	51	9	1	
547	15.06.2019 09:36	197	2	27	20	0	26	51	9	1	
548	15.06.2019 10:36	273	5	26	39	0	26	51	9	1	
549	15.06.2019 11:36	273	5	36	29	0	26	51	9	1	
550	15.06.2019 12:36	369	7	42	46	0	26	51	9	1	
551	15.06.2019 13:36	415	14	50	49	0	26	51	9	1	
552	15.06.2019 14:36	420	6	49	51	0	26	51	9	1	
553	15.06.2019 15:36	451	9	53	53	0	27	50	9	1	
554	15.06.2019 16:36	458	9	57	53	0	26	50	9	1	
555	15.06.2019 17:36	462	7	51	60	0	26	50	9	1	
556	15.06.2019 18:36	412	5	41	58	0	26	50	9	1	
557	15.06.2019 19:36	320	3	30	47	0	26	50	9	1	
558	15.06.2019 20:36	295	6	28	43	0	26	50	9	1	
559	15.06.2019 21:36	237	7	30	27	0	26	50	9	1	
560	15.06.2019 22:36	327	8	40	38	0	26	51	9	1	
561	15.06.2019 23:36	331	5	36	43	0	26	51	9	1	
562	16.06.2019 00:36	390	2	38	55	0	26	51	9	1	
563	16.06.2019 01:36	231	5	27	28	0	26	51	9	1	
564	16.06.2019 02:36	231	7	22	33	0	26	51	9	1	
565	16.06.2019 03:36	222	3	21	32	0	26	51	9	1	
566	16.06.2019 04:36	176	2	22	20	0	26	51	9	1	
567	16.06.2019 05:36	319	8	34	42	0	26	51	9	1	
568	16.06.2019 06:36	243	5	23	35	0	26	51	9	1	
569	16.06.2019 07:36	264	4	35	28	0	26	51	9	1	
570	16.06.2019 08:36	252	8	27	33	0	26	51	9	1	
571	16.06.2019 09:36	256	3	34	27	0	26	51	9	1	
572	16.06.2019 10:36	273	3	25	40	0	26	51	9	1	
573	16.06.2019 11:36	191	3	19	27	0	26	50	9	1	
574	16.06.2019 12:36	145	2	18	17	0	26	50	9	1	
575	16.06.2019 13:36	183	1	26	18	0	26	50	9	1	
576	16.06.2019 14:36	136	4	13	20	0	26	49	9	1	
577	16.06.2019 15:36	177	7	26	17	0	26	49	9	1	
578	16.06.2019 16:36	190	1	25	21	0	26	49	9	1	
579	16.06.2019 17:36	221	5	26	28	1	26	48	9	1	
580	16.06.2019 18:36	212	1	24	28	0	26	48	9	1	
581	16.06.2019 19:36	249	2	28	33	0	26	48	9	1	
582	16.06.2019 20:36	225	3	27	28	0	26	48	9	1	
583	16.06.2019 21:36	212	3	26	26	0	26	48	9	1	
584	16.06.2019 22:36	211	4	26	26	1	26	47	9	1	
585	16.06.2019 23:36	170	5	20	22	0	26	47	9	1	
586	17.06.2019 00:36	223	5	28	27	0	26	47	9	1	
587	17.06.2019 01:36	202	0	31	19	0	26	47	9	1	
588	17.06.2019 02:36	227	7	26	30	0	26	47	9	1	
589	17.06.2019 03:36	190	1	25	23	0	25	47	9	1	
590	17.06.2019 04:36	211	2	26	28	0	25	46	9	1	
591	17.06.2019 05:36	184	3	27	19	0	26	46	9	1	
592	17.06.2019 06:36	237	6	32	27	0	26	46	9	1	
593	17.06.2019 07:36	281	5	34	36	0	26	46	9	1	
594	17.06.2019 08:36	234	4	25	34	0	26	45	9	1	
595	17.06.2019 09:36	254	5	31	33	0	26	45	9	1	
596	17.06.2019 10:36	250	6	34	29	0	26	45	9	1	
597	17.06.2019 11:36	175	5	20	24	0	26	45	9	1	
598	17.06.2019 12:36	171	2	18	25	0	26	45	9	1	
599	17.06.2019 13:36	234	4	28	31	0	26	45	9	1	
600	17.06.2019 14:36	223	0	27	29	0	26	45	9	1	
601	17.06.2019 15:36	227	2	28	29	0	26	45	9	1	
602	17.06.2019 16:36	187	4	24	23	0	26	45	9	1	
603	17.06.2019 17:36	181	2	24	22	0	26	44	9	1	
604	17.06.2019 18:36	236	4	26	34	0	26	44	9	1	
605	17.06.2019 19:36	220	1	32	24	0	26	44	9	1	
606	17.06.2019 20:36	272	8	30	39	0	26	44	9	1	
607	17.06.2019 21:36	237	1	20	41	0	25	45	9	1	
608	17.06.2019 22:36	248	6	36	28	0	25	45	9	1	
609	17.06.2019 23:36	326	3	39	45	0	25	45	9	1	
610	18.06.2019 00:36	264	3	33	35	0	25	45	9	1	
611	18.06.2019 01:36	306	2	38	41	0	25	45	9	1	
612	18.06.2019 02:36	325	2	36	47	0	25	46	9	1	
613	18.06.2019 03:36	270	1	28	41	0	25	46	9	1	
614	18.06.2019 04:36	200	2	25	26	0	25	46	9	1	
615	18.06.2019 05:36	209	5	24	30	0	25	45	9	1	
616	18.06.2019 06:36	170	2	22	22	0	25	45	9	1	
617	18.06.2019 07:36	225	5	28	30	0	25	45	9	1	
618	18.06.2019 08:36	207	5	26	26	0	26	45	9	1	
619	18.06.2019 09:36	203	4	21	30	0	26	45	9	1	
620	18.06.2019 10:36	223	3	29	27	0	26	45	9	1	
621	18.06.2019 11:36	167	5	25	17	0	26	45	9	1	
622	18.06.2019 12:36	216	7	24	31	0	26	44	9	1	
623	18.06.2019 13:36	228	4	30	28	0	26	44	9	1	
624	18.06.2019 14:36	311	1	35	44	0	26	44	9	1	
625	18.06.2019 15:36	244	4	28	34	0	26	44	9	1	
626	18.06.2019 16:36	315	5	32	48	0	26	44	9	1	
627	18.06.2019 17:36	268	4	32	36	0	26	44	9	1	
628	18.06.2019 18:36	283	3	40	32	0	26	44	9	1	
629	18.06.2019 19:36	276	7	34	36	0	26	44	9	1	
630	18.06.2019 20:36	369	7	44	52	0	25	44	9	1	
631	18.06.2019 21:36	361	12	51	43	0	25	44	9	1	
632	18.06.2019 22:36	353	6	44	47	0	25	45	9	1	
633	18.06.2019 23:36	361	4	40	53	0	25	45	9	1	
634	19.06.2019 00:36	341	6	46	42	0	25	45	9	1	
635	19.06.2019 01:36	303	3	37	41	0	25	45	9	1	
636	19.06.2019 02:36	264	1	33	35	0	25	45	9	1	
637	19.06.2019 03:36	279	6	31	41	0	25	45	9	1	
638	19.06.2019 04:36	235	6	24	36	0	25	46	9	1	
639	19.06.2019 05:36	278	2	33	38	0	25	46	9	1	
640	19.06.2019 06:36	273	3	35	33	0	26	46	9	1	
641	19.06.2019 07:36	277	7	30	39	0	26	46	9	1	
642	19.06.2019 08:36	333	1	43	40	0	26	46	9	1	
643	19.06.2019 09:36	369	6	37	55	0	26	46	9	1	
644	19.06.2019 10:36	385	7	49	47	0	26	46	9	1	
645	19.06.2019 11:36	357	6	46	43	0	26	46	9	1	
646	19.06.2019 12:36	361	8	37	53	0	26	46	9	1	
647	19.06.2019 13:36	398	4	46	53	0	26	46	9	1	
648	19.06.2019 14:36	353	2	33	55	0	26	46	9	1	
649	19.06.2019 15:36	365	10	43	48	0	26	46	9	1	
650	19.06.2019 16:36	369	8	42	50	0	26	46	9	1	
651	19.06.2019 17:36	377	1	42	52	0	26	46	9	1	
652	19.06.2019 18:36	285	5	36	35	0	26	46	9	1	
653	19.06.2019 19:36	237	4	30	29	0	26	46	9	1	
654	19.06.2019 20:36	273	4	30	38	0	26	46	9	1	
655	19.06.2019 21:36	285	7	35	36	0	26	46	9	1	
656	19.06.2019 22:36	312	1	40	37	0	26	47	9	1	
657	19.06.2019 23:36	247	9	29	32	0	26	47	9	1	
658	20.06.2019 00:36	344	2	46	39	0	26	47	9	1	
659	20.06.2019 01:36	265	7	33	34	1	25	47	9	1	
660	20.06.2019 02:36	265	6	32	35	0	25	47	9	1	
661	20.06.2019 03:36	245	7	27	35	2	25	47	9	1	
662	20.06.2019 04:36	308	6	36	42	0	25	47	9	1	
663	20.06.2019 05:36	217	6	23	32	0	25	47	9	1	
664	20.06.2019 06:36	186	5	20	26	0	26	47	9	1	
665	20.06.2019 07:36	273	5	32	36	0	26	46	9	1	
666	20.06.2019 08:36	317	2	55	24	0	26	46	9	1	
667	20.06.2019 09:36	390	3	45	52	0	26	46	9	1	
