záznam	cas	radon[Bq/m3]	sum1	sum2	sum3	sum4	Teplota[°C]	Vlhkost[%]	HV	Algorit.	
1	11.06.2019 16:36	287	2	36	34	0	25	51	9	1	
2	11.06.2019 17:36	254	4	25	37	1	25	51	9	1	
3	11.06.2019 18:36	184	1	19	26	0	25	51	9	1	
4	11.06.2019 19:36	191	2	22	25	0	25	50	9	1	
5	11.06.2019 20:36	183	6	24	21	1	25	50	9	1	
6	11.06.2019 21:36	340	2	43	40	0	25	51	9	1	
7	11.06.2019 22:36	237	2	28	30	0	25	51	9	1	
8	11.06.2019 23:36	279	3	33	35	0	25	51	9	1	
9	12.06.2019 00:36	262	3	32	32	0	25	51	9	1	
10	12.06.2019 01:36	315	5	39	38	0	25	51	9	1	
11	12.06.2019 02:36	196	6	24	24	0	25	51	9	1	
12	12.06.2019 03:36	213	6	29	23	0	25	51	9	1	
13	12.06.2019 04:36	164	4	17	23	0	25	51	9	1	
14	12.06.2019 05:36	196	1	23	25	0	25	51	9	1	
15	12.06.2019 06:36	221	5	31	23	0	25	51	9	1	
16	12.06.2019 07:36	205	3	24	25	0	26	51	9	1	
17	12.06.2019 08:36	243	6	28	30	0	26	51	9	1	
18	12.06.2019 09:36	243	3	30	28	0	26	51	9	1	
19	12.06.2019 10:36	227	5	31	25	0	25	50	9	1	
20	12.06.2019 11:36	231	4	28	29	0	25	50	9	1	
21	12.06.2019 12:36	256	5	29	34	0	25	50	9	1	
22	12.06.2019 13:36	282	6	32	38	0	25	49	9	1	
23	12.06.2019 14:36	243	7	30	29	0	26	49	9	1	
24	12.06.2019 15:36	210	5	18	33	0	26	49	9	1	
25	12.06.2019 16:36	297	1	25	47	0	26	49	9	1	
26	12.06.2019 17:36	210	4	24	27	0	26	49	9	1	
27	12.06.2019 18:36	235	1	20	37	0	26	49	9	1	
28	12.06.2019 19:36	243	5	31	28	0	26	49	9	1	
29	12.06.2019 20:36	268	3	26	39	0	26	49	9	1	
30	12.06.2019 21:36	244	3	25	35	0	25	50	9	1	
31	12.06.2019 22:36	268	8	28	38	0	25	50	9	1	
32	12.06.2019 23:36	240	3	35	24	0	25	50	9	1	
33	13.06.2019 00:36	288	3	38	33	0	25	50	9	1	
34	13.06.2019 01:36	382	7	44	50	0	25	50	9	1	
35	13.06.2019 02:36	378	5	52	41	0	25	50	9	1	
36	13.06.2019 03:36	349	6	43	43	0	25	50	9	1	
37	13.06.2019 04:36	353	4	37	50	0	25	50	9	1	
38	13.06.2019 05:36	264	7	30	35	0	25	50	9	1	
39	13.06.2019 06:36	288	7	35	36	0	25	50	9	1	
40	13.06.2019 07:36	301	4	32	42	0	25	50	9	1	
41	13.06.2019 08:36	294	5	36	37	0	25	49	9	1	
42	13.06.2019 09:36	289	3	31	39	0	26	49	9	1	
43	13.06.2019 10:36	298	2	35	38	0	26	48	9	1	
44	13.06.2019 11:36	298	2	37	36	0	26	48	9	1	
45	13.06.2019 12:36	253	6	34	28	0	26	48	9	1	
46	13.06.2019 13:36	286	0	27	43	0	26	48	9	1	
47	13.06.2019 14:36	278	1	32	36	0	26	48	9	1	
48	13.06.2019 15:36	298	5	29	44	0	26	48	9	1	
49	13.06.2019 16:36	286	12	39	31	0	26	48	9	1	
50	13.06.2019 17:36	425	4	40	64	0	26	48	9	1	
51	13.06.2019 18:36	434	6	51	55	0	26	48	9	1	
52	13.06.2019 19:36	425	6	55	49	0	26	48	9	1	
53	13.06.2019 20:36	413	7	45	55	0	26	49	9	1	
54	13.06.2019 21:36	305	6	28	46	0	26	49	9	1	
55	13.06.2019 22:36	227	9	25	30	0	26	49	9	1	
56	13.06.2019 23:36	341	3	37	45	0	26	50	9	1	
57	14.06.2019 00:36	362	3	47	42	0	25	50	9	1	
58	14.06.2019 01:36	317	2	34	44	0	25	50	9	1	
59	14.06.2019 02:36	252	0	28	34	1	25	50	9	1	
60	14.06.2019 03:36	284	6	28	42	0	25	50	9	1	
61	14.06.2019 04:36	252	4	28	34	0	25	50	9	1	
62	14.06.2019 05:36	260	1	36	28	0	25	50	9	1	
63	14.06.2019 06:36	295	9	31	40	0	26	50	9	1	
64	14.06.2019 07:36	283	3	36	32	0	26	50	9	1	
65	14.06.2019 08:36	324	7	40	38	0	26	50	9	1	
66	14.06.2019 09:36	383	8	40	52	0	26	50	9	1	
67	14.06.2019 10:36	370	11	48	41	0	26	50	9	1	
68	14.06.2019 11:36	337	4	35	46	0	26	50	9	1	
69	14.06.2019 12:36	313	5	40	36	0	26	49	9	1	
70	14.06.2019 13:36	252	3	29	32	0	26	49	9	1	
71	14.06.2019 14:36	301	4	26	47	0	26	49	9	1	
72	14.06.2019 15:36	305	6	33	41	0	26	49	9	1	
73	14.06.2019 16:36	342	6	38	45	0	26	49	9	1	
74	14.06.2019 17:36	421	4	47	55	0	26	49	9	1	
75	14.06.2019 18:36	380	4	43	49	0	26	49	9	1	
76	14.06.2019 19:36	351	8	38	47	0	26	49	9	1	
77	14.06.2019 20:36	408	5	52	46	0	26	50	9	1	
78	14.06.2019 21:36	391	5	47	47	0	26	50	9	1	
79	14.06.2019 22:36	412	4	54	45	0	26	50	9	1	
80	14.06.2019 23:36	429	12	45	58	0	26	50	9	1	
81	15.06.2019 00:36	323	5	30	47	1	26	51	9	1	
82	15.06.2019 01:36	319	3	33	43	0	26	51	9	1	
83	15.06.2019 02:36	285	7	34	34	0	26	51	9	1	
84	15.06.2019 03:36	243	3	21	37	0	26	51	9	1	
85	15.06.2019 04:36	214	0	16	35	0	26	51	9	1	
86	15.06.2019 05:36	142	3	17	17	0	26	51	9	1	
87	15.06.2019 06:36	176	4	27	15	0	26	51	9	1	
88	15.06.2019 07:36	197	3	17	30	0	26	51	9	1	
89	15.06.2019 08:36	155	1	14	23	0	26	51	9	1	
90	15.06.2019 09:36	197	2	27	20	0	26	51	9	1	
91	15.06.2019 10:36	273	5	26	39	0	26	51	9	1	
92	15.06.2019 11:36	273	5	36	29	0	26	51	9	1	
93	15.06.2019 12:36	369	7	42	46	0	26	51	9	1	
94	15.06.2019 13:36	415	14	50	49	0	26	51	9	1	
95	15.06.2019 14:36	420	6	49	51	0	26	51	9	1	
96	15.06.2019 15:36	451	9	53	53	0	27	50	9	1	
97	15.06.2019 16:36	458	9	57	53	0	26	50	9	1	
98	15.06.2019 17:36	462	7	51	60	0	26	50	9	1	
99	15.06.2019 18:36	412	5	41	58	0	26	50	9	1	
100	15.06.2019 19:36	320	3	30	47	0	26	50	9	1	
101	15.06.2019 20:36	295	6	28	43	0	26	50	9	1	
102	15.06.2019 21:36	237	7	30	27	0	26	50	9	1	
103	15.06.2019 22:36	327	8	40	38	0	26	51	9	1	
104	15.06.2019 23:36	331	5	36	43	0	26	51	9	1	
105	16.06.2019 00:36	390	2	38	55	0	26	51	9	1	
106	16.06.2019 01:36	231	5	27	28	0	26	51	9	1	
107	16.06.2019 02:36	231	7	22	33	0	26	51	9	1	
108	16.06.2019 03:36	222	3	21	32	0	26	51	9	1	
109	16.06.2019 04:36	176	2	22	20	0	26	51	9	1	
110	16.06.2019 05:36	319	8	34	42	0	26	51	9	1	
111	16.06.2019 06:36	243	5	23	35	0	26	51	9	1	
112	16.06.2019 07:36	264	4	35	28	0	26	51	9	1	
113	16.06.2019 08:36	252	8	27	33	0	26	51	9	1	
114	16.06.2019 09:36	256	3	34	27	0	26	51	9	1	
115	16.06.2019 10:36	273	3	25	40	0	26	51	9	1	
116	16.06.2019 11:36	191	3	19	27	0	26	50	9	1	
117	16.06.2019 12:36	145	2	18	17	0	26	50	9	1	
118	16.06.2019 13:36	183	1	26	18	0	26	50	9	1	
119	16.06.2019 14:36	136	4	13	20	0	26	49	9	1	
120	16.06.2019 15:36	177	7	26	17	0	26	49	9	1	
121	16.06.2019 16:36	190	1	25	21	0	26	49	9	1	
122	16.06.2019 17:36	221	5	26	28	1	26	48	9	1	
123	16.06.2019 18:36	212	1	24	28	0	26	48	9	1	
124	16.06.2019 19:36	249	2	28	33	0	26	48	9	1	
125	16.06.2019 20:36	225	3	27	28	0	26	48	9	1	
126	16.06.2019 21:36	212	3	26	26	0	26	48	9	1	
127	16.06.2019 22:36	211	4	26	26	1	26	47	9	1	
128	16.06.2019 23:36	170	5	20	22	0	26	47	9	1	
129	17.06.2019 00:36	223	5	28	27	0	26	47	9	1	
130	17.06.2019 01:36	202	0	31	19	0	26	47	9	1	
131	17.06.2019 02:36	227	7	26	30	0	26	47	9	1	
132	17.06.2019 03:36	190	1	25	23	0	25	47	9	1	
133	17.06.2019 04:36	211	2	26	28	0	25	46	9	1	
134	17.06.2019 05:36	184	3	27	19	0	26	46	9	1	
135	17.06.2019 06:36	237	6	32	27	0	26	46	9	1	
136	17.06.2019 07:36	281	5	34	36	0	26	46	9	1	
137	17.06.2019 08:36	234	4	25	34	0	26	45	9	1	
138	17.06.2019 09:36	254	5	31	33	0	26	45	9	1	
139	17.06.2019 10:36	250	6	34	29	0	26	45	9	1	
140	17.06.2019 11:36	175	5	20	24	0	26	45	9	1	
141	17.06.2019 12:36	171	2	18	25	0	26	45	9	1	
142	17.06.2019 13:36	234	4	28	31	0	26	45	9	1	
143	17.06.2019 14:36	223	0	27	29	0	26	45	9	1	
144	17.06.2019 15:36	227	2	28	29	0	26	45	9	1	
145	17.06.2019 16:36	187	4	24	23	0	26	45	9	1	
146	17.06.2019 17:36	181	2	24	22	0	26	44	9	1	
147	17.06.2019 18:36	236	4	26	34	0	26	44	9	1	
148	17.06.2019 19:36	220	1	32	24	0	26	44	9	1	
149	17.06.2019 20:36	272	8	30	39	0	26	44	9	1	
150	17.06.2019 21:36	237	1	20	41	0	25	45	9	1	
151	17.06.2019 22:36	248	6	36	28	0	25	45	9	1	
152	17.06.2019 23:36	326	3	39	45	0	25	45	9	1	
153	18.06.2019 00:36	264	3	33	35	0	25	45	9	1	
154	18.06.2019 01:36	306	2	38	41	0	25	45	9	1	
155	18.06.2019 02:36	325	2	36	47	0	25	46	9	1	
156	18.06.2019 03:36	270	1	28	41	0	25	46	9	1	
157	18.06.2019 04:36	200	2	25	26	0	25	46	9	1	
158	18.06.2019 05:36	209	5	24	30	0	25	45	9	1	
159	18.06.2019 06:36	170	2	22	22	0	25	45	9	1	
160	18.06.2019 07:36	225	5	28	30	0	25	45	9	1	
161	18.06.2019 08:36	207	5	26	26	0	26	45	9	1	
162	18.06.2019 09:36	203	4	21	30	0	26	45	9	1	
163	18.06.2019 10:36	223	3	29	27	0	26	45	9	1	
164	18.06.2019 11:36	167	5	25	17	0	26	45	9	1	
165	18.06.2019 12:36	216	7	24	31	0	26	44	9	1	
166	18.06.2019 13:36	228	4	30	28	0	26	44	9	1	
167	18.06.2019 14:36	311	1	35	44	0	26	44	9	1	
168	18.06.2019 15:36	244	4	28	34	0	26	44	9	1	
169	18.06.2019 16:36	315	5	32	48	0	26	44	9	1	
170	18.06.2019 17:36	268	4	32	36	0	26	44	9	1	
171	18.06.2019 18:36	283	3	40	32	0	26	44	9	1	
172	18.06.2019 19:36	276	7	34	36	0	26	44	9	1	
173	18.06.2019 20:36	369	7	44	52	0	25	44	9	1	
174	18.06.2019 21:36	361	12	51	43	0	25	44	9	1	
175	18.06.2019 22:36	353	6	44	47	0	25	45	9	1	
176	18.06.2019 23:36	361	4	40	53	0	25	45	9	1	
177	19.06.2019 00:36	341	6	46	42	0	25	45	9	1	
178	19.06.2019 01:36	303	3	37	41	0	25	45	9	1	
179	19.06.2019 02:36	264	1	33	35	0	25	45	9	1	
180	19.06.2019 03:36	279	6	31	41	0	25	45	9	1	
181	19.06.2019 04:36	235	6	24	36	0	25	46	9	1	
182	19.06.2019 05:36	278	2	33	38	0	25	46	9	1	
183	19.06.2019 06:36	273	3	35	33	0	26	46	9	1	
184	19.06.2019 07:36	277	7	30	39	0	26	46	9	1	
185	19.06.2019 08:36	333	1	43	40	0	26	46	9	1	
186	19.06.2019 09:36	369	6	37	55	0	26	46	9	1	
187	19.06.2019 10:36	385	7	49	47	0	26	46	9	1	
188	19.06.2019 11:36	357	6	46	43	0	26	46	9	1	
189	19.06.2019 12:36	361	8	37	53	0	26	46	9	1	
190	19.06.2019 13:36	398	4	46	53	0	26	46	9	1	
191	19.06.2019 14:36	353	2	33	55	0	26	46	9	1	
192	19.06.2019 15:36	365	10	43	48	0	26	46	9	1	
193	19.06.2019 16:36	369	8	42	50	0	26	46	9	1	
194	19.06.2019 17:36	377	1	42	52	0	26	46	9	1	
195	19.06.2019 18:36	285	5	36	35	0	26	46	9	1	
196	19.06.2019 19:36	237	4	30	29	0	26	46	9	1	
197	19.06.2019 20:36	273	4	30	38	0	26	46	9	1	
198	19.06.2019 21:36	285	7	35	36	0	26	46	9	1	
199	19.06.2019 22:36	312	1	40	37	0	26	47	9	1	
200	19.06.2019 23:36	247	9	29	32	0	26	47	9	1	
201	20.06.2019 00:36	344	2	46	39	0	26	47	9	1	
202	20.06.2019 01:36	265	7	33	34	1	25	47	9	1	
203	20.06.2019 02:36	265	6	32	35	0	25	47	9	1	
204	20.06.2019 03:36	245	7	27	35	2	25	47	9	1	
205	20.06.2019 04:36	308	6	36	42	0	25	47	9	1	
206	20.06.2019 05:36	217	6	23	32	0	25	47	9	1	
207	20.06.2019 06:36	186	5	20	26	0	26	47	9	1	
208	20.06.2019 07:36	273	5	32	36	0	26	46	9	1	
209	20.06.2019 08:36	317	2	55	24	0	26	46	9	1	
210	20.06.2019 09:36	390	3	45	52	0	26	46	9	1	
211	09.07.2019 13:17	76	2	20	3	0	24	34	9	1	
212	09.07.2019 14:17	140	7	26	16	0	24	34	9	1	
213	09.07.2019 15:17	140	5	21	21	0	24	34	9	1	
214	09.07.2019 16:17	145	7	20	23	0	24	35	9	1	
215	09.07.2019 17:17	162	2	20	28	0	24	35	9	1	
216	09.07.2019 18:17	131	3	16	23	0	24	35	9	1	
217	09.07.2019 19:17	97	1	10	19	0	24	35	9	1	
218	09.07.2019 20:17	121	1	20	16	0	24	35	9	1	
219	09.07.2019 21:17	74	2	10	12	0	24	35	9	1	
220	09.07.2019 22:17	88	1	13	14	0	23	35	9	1	
221	09.07.2019 23:17	108	2	17	16	0	23	35	9	1	
222	10.07.2019 00:17	113	3	17	17	0	23	36	9	1	
223	10.07.2019 01:17	146	5	20	24	0	23	36	9	1	
224	10.07.2019 02:17	170	4	30	21	0	23	36	9	1	
225	10.07.2019 03:17	183	4	30	25	0	23	36	9	1	
226	10.07.2019 04:17	236	6	34	36	0	23	37	9	1	
227	10.07.2019 05:17	203	7	34	28	0	22	37	9	1	
228	10.07.2019 06:17	226	8	31	38	0	22	37	9	1	
229	10.07.2019 07:17	259	3	42	37	0	22	37	9	1	
230	10.07.2019 08:17	199	4	23	36	0	23	37	9	1	
231	10.07.2019 09:17	155	1	18	28	0	23	37	9	1	
232	10.07.2019 10:17	77	5	10	13	0	23	37	9	1	
233	10.07.2019 11:17	50	0	4	11	0	23	37	9	1	
234	10.07.2019 12:17	47	1	6	8	0	24	36	9	1	
235	10.07.2019 13:17	51	0	7	8	0	24	36	9	1	
236	10.07.2019 14:17	33	0	2	8	0	24	35	9	1	
237	10.07.2019 15:17	16	0	1	4	0	24	35	9	1	
238	10.07.2019 16:17	6	0	0	2	0	24	34	9	1	
239	10.07.2019 17:17	43	1	8	5	0	24	34	9	1	
240	10.07.2019 18:17	41	0	8	4	0	25	34	9	1	
241	10.07.2019 19:17	34	0	5	5	0	25	35	9	1	
242	10.07.2019 20:17	65	0	12	7	0	25	35	9	1	
243	10.07.2019 21:17	68	2	13	7	0	24	36	9	1	
244	10.07.2019 22:17	85	1	12	13	0	24	36	9	1	
245	10.07.2019 23:17	116	2	15	19	0	24	36	9	1	
246	11.07.2019 00:17	112	4	18	15	0	24	36	9	1	
247	11.07.2019 01:17	169	4	21	28	0	24	37	9	1	
248	11.07.2019 02:17	138	6	19	21	0	24	37	9	1	
249	11.07.2019 03:17	270	6	44	34	0	24	37	9	1	
250	11.07.2019 04:17	236	6	37	33	0	23	37	9	1	
251	11.07.2019 05:17	192	0	33	24	0	23	37	9	1	
252	11.07.2019 06:17	259	8	42	34	1	23	38	9	1	
253	11.07.2019 07:17	256	1	31	44	0	23	38	9	1	
254	11.07.2019 08:17	198	6	21	37	0	23	38	9	1	
255	11.07.2019 09:17	160	0	18	29	0	23	38	9	1	
256	11.07.2019 10:17	177	1	30	22	0	23	38	9	1	
257	11.07.2019 11:17	126	1	19	17	0	24	38	9	1	
258	11.07.2019 12:17	93	0	12	15	0	24	37	9	1	
259	11.07.2019 13:17	69	0	5	15	0	24	37	9	1	
260	11.07.2019 14:17	24	0	4	3	0	25	37	9	1	
261	11.07.2019 15:17	59	0	9	8	0	25	36	9	1	
262	11.07.2019 16:17	31	2	6	3	0	25	36	9	1	
263	11.07.2019 17:17	14	1	1	3	0	25	36	9	1	
264	11.07.2019 18:17	24	0	5	2	0	25	37	9	1	
265	11.07.2019 19:17	35	0	8	2	0	25	37	9	1	
266	11.07.2019 20:17	39	1	7	4	0	25	37	9	1	
267	11.07.2019 21:17	67	1	12	7	0	25	37	9	1	
268	11.07.2019 22:17	90	1	13	12	0	25	38	9	1	
269	11.07.2019 23:17	80	5	15	8	0	24	38	9	1	
270	12.07.2019 00:17	105	3	20	10	0	24	38	9	1	
271	12.07.2019 01:17	115	3	13	20	0	24	38	9	1	
272	12.07.2019 02:17	134	3	15	23	0	24	39	9	1	
273	12.07.2019 03:17	156	1	21	23	0	24	39	9	1	
274	12.07.2019 04:17	173	5	25	24	0	24	39	9	1	
275	12.07.2019 05:17	220	3	31	31	0	24	39	9	1	
276	12.07.2019 06:17	252	6	36	35	1	24	39	9	1	
277	12.07.2019 07:17	206	3	30	29	0	23	40	9	1	
278	12.07.2019 08:17	222	6	26	37	0	23	41	9	1	
279	12.07.2019 09:17	141	0	17	23	0	23	41	9	1	
280	12.07.2019 10:17	128	5	17	19	0	23	42	9	1	
281	12.07.2019 11:17	81	5	7	15	1	24	43	9	1	
282	12.07.2019 12:17	105	1	13	15	0	24	44	9	1	
283	12.07.2019 13:17	37	2	3	7	0	24	45	9	1	
284	12.07.2019 14:17	27	1	4	3	0	25	45	9	1	
285	12.07.2019 15:17	31	2	4	4	0	25	45	9	1	
286	12.07.2019 16:17	38	0	5	5	0	25	45	9	1	
287	12.07.2019 17:17	15	1	1	3	0	25	45	9	1	
288	12.07.2019 18:17	46	0	7	5	0	25	45	9	1	
289	12.07.2019 19:17	58	0	11	4	0	25	45	9	1	
290	12.07.2019 20:17	98	0	18	8	0	24	45	9	1	
291	12.07.2019 21:17	79	3	9	12	0	24	45	9	1	
292	12.07.2019 22:17	121	2	16	16	0	24	45	9	1	
293	12.07.2019 23:17	140	6	20	17	0	24	45	9	1	
294	13.07.2019 00:17	170	3	24	21	0	24	45	9	1	
295	13.07.2019 01:17	231	3	29	32	0	24	45	9	1	
296	13.07.2019 02:17	236	3	27	37	0	23	45	9	1	
297	13.07.2019 03:17	258	2	37	33	0	23	45	9	1	
298	13.07.2019 04:17	254	4	28	41	0	23	45	9	1	
299	13.07.2019 05:17	284	7	43	34	0	23	45	9	1	
300	13.07.2019 06:17	258	3	27	43	0	23	45	9	1	
301	13.07.2019 07:17	269	3	49	24	0	23	45	9	1	
302	13.07.2019 08:17	223	2	20	40	0	23	46	9	1	
303	13.07.2019 09:17	112	0	12	19	0	22	46	9	1	
304	13.07.2019 10:17	90	1	11	14	0	22	46	9	1	
305	13.07.2019 11:17	143	1	19	20	0	22	47	9	1	
306	13.07.2019 12:17	128	1	16	18	0	23	47	9	1	
307	13.07.2019 13:17	150	0	21	19	0	23	47	9	1	
308	13.07.2019 14:17	131	1	14	21	0	23	47	9	1	
309	13.07.2019 15:17	173	2	24	22	0	23	47	9	1	
310	13.07.2019 16:17	165	1	20	24	0	23	47	9	1	
311	13.07.2019 17:17	169	1	21	24	0	23	47	9	1	
312	13.07.2019 18:17	135	3	19	17	0	23	47	9	1	
313	13.07.2019 19:17	130	3	16	19	0	23	46	9	1	
314	13.07.2019 20:17	182	3	18	31	0	23	46	9	1	
315	13.07.2019 21:17	108	1	15	14	0	23	46	9	1	
316	13.07.2019 22:17	126	0	16	18	0	23	46	9	1	
317	13.07.2019 23:17	175	4	25	22	0	23	46	9	1	
318	14.07.2019 00:17	193	3	28	24	0	23	46	9	1	
319	14.07.2019 01:17	175	4	25	22	0	23	46	9	1	
320	14.07.2019 02:17	181	1	26	24	0	22	46	9	1	
321	14.07.2019 03:17	297	3	40	42	0	22	46	9	1	
322	14.07.2019 04:17	283	4	42	36	0	22	46	9	1	
323	14.07.2019 05:17	236	1	27	38	0	22	46	9	1	
324	14.07.2019 06:17	367	7	45	56	0	22	46	9	1	
325	14.07.2019 07:17	287	4	39	40	0	22	46	9	1	
326	14.07.2019 08:17	172	2	19	28	0	22	47	9	1	
327	14.07.2019 09:17	154	5	15	27	0	22	47	9	1	
328	14.07.2019 10:17	111	2	13	18	0	21	48	9	1	
329	14.07.2019 11:17	71	2	11	8	0	22	49	9	1	
330	14.07.2019 12:17	56	0	2	13	0	22	50	9	1	
331	14.07.2019 13:17	22	0	1	5	0	22	50	9	1	
332	14.07.2019 14:17	26	1	4	3	0	22	50	9	1	
333	14.07.2019 15:17	30	2	3	5	0	22	50	9	1	
334	14.07.2019 16:17	65	1	10	7	0	23	49	9	1	
335	14.07.2019 17:17	53	1	5	9	0	23	49	9	1	
336	14.07.2019 18:17	77	0	10	10	0	23	50	9	1	
337	14.07.2019 19:17	77	0	10	10	0	23	50	9	1	
338	14.07.2019 20:17	104	0	11	16	0	23	50	9	1	
339	14.07.2019 21:17	89	1	11	12	0	23	50	9	1	
340	14.07.2019 22:17	112	3	15	14	0	23	50	9	1	
341	14.07.2019 23:17	135	3	21	15	0	22	50	9	1	
342	15.07.2019 00:17	150	1	21	19	0	22	50	9	1	
343	15.07.2019 01:17	196	2	28	24	0	22	50	9	1	
344	15.07.2019 02:17	177	3	20	27	0	22	50	9	1	
345	15.07.2019 03:17	231	2	32	30	0	22	49	9	1	
346	15.07.2019 04:17	269	4	36	36	0	22	49	9	1	
347	15.07.2019 05:17	239	6	30	34	0	22	49	9	1	
348	15.07.2019 06:17	306	7	40	42	0	22	49	9	1	
349	15.07.2019 07:17	302	6	43	38	0	22	49	9	1	
350	15.07.2019 08:17	235	3	25	38	0	22	49	9	1	
351	15.07.2019 09:17	175	2	18	29	0	22	49	9	1	
352	15.07.2019 10:17	112	1	16	14	0	22	49	9	1	
353	15.07.2019 11:17	134	3	15	20	0	23	49	9	1	
354	15.07.2019 12:17	122	1	14	18	0	23	49	9	1	
355	15.07.2019 13:17	122	4	20	12	0	23	49	9	1	
356	15.07.2019 14:17	125	2	12	21	0	23	48	9	1	
357	15.07.2019 15:17	41	1	1	10	0	23	47	9	1	
358	15.07.2019 16:17	34	1	4	5	0	24	46	9	1	
359	15.07.2019 17:17	18	0	2	3	0	24	45	9	1	
360	15.07.2019 18:17	34	0	7	2	0	24	46	9	1	
361	15.07.2019 19:17	34	0	5	4	0	24	46	9	1	
362	15.07.2019 20:17	38	3	2	8	0	24	46	9	1	
363	15.07.2019 21:17	45	0	7	5	0	24	46	9	1	
364	15.07.2019 22:17	57	0	6	9	0	24	46	9	1	
365	15.07.2019 23:17	68	1	9	9	0	24	46	9	1	
366	16.07.2019 00:17	160	1	25	17	0	24	46	9	1	
367	16.07.2019 01:17	112	4	20	10	1	23	47	9	1	
368	16.07.2019 02:17	146	4	22	17	0	23	47	9	1	
369	16.07.2019 03:17	180	4	25	23	0	23	47	9	1	
370	16.07.2019 04:17	237	4	28	35	0	23	47	9	1	
371	16.07.2019 05:17	214	3	30	27	0	23	47	9	1	
372	16.07.2019 06:17	233	4	31	31	0	23	47	9	1	
373	16.07.2019 07:17	185	3	24	27	0	22	46	9	1	
374	16.07.2019 08:17	132	3	17	19	0	22	47	9	1	
375	16.07.2019 09:17	146	3	18	22	0	22	47	9	1	
376	16.07.2019 10:17	172	3	16	31	0	22	47	9	1	
377	16.07.2019 11:17	172	5	23	24	0	22	47	9	1	
378	16.07.2019 12:17	126	2	13	21	0	23	46	9	1	
379	16.07.2019 13:17	67	0	4	14	0	23	46	9	1	
380	16.07.2019 14:17	66	0	6	12	0	23	45	9	1	
381	16.07.2019 15:17	11	0	2	1	1	24	45	9	1	
382	16.07.2019 16:17	18	0	3	2	0	24	44	9	1	
383	16.07.2019 17:17	30	1	2	6	0	24	44	9	1	
384	16.07.2019 18:17	52	0	12	2	0	24	44	9	1	
385	16.07.2019 19:17	30	2	3	5	0	24	44	9	1	
386	16.07.2019 20:17	45	0	5	7	0	24	44	9	1	
387	16.07.2019 21:17	78	0	15	6	0	24	44	9	1	
388	16.07.2019 22:17	71	1	9	10	0	24	44	9	1	
389	16.07.2019 23:17	78	1	12	9	0	24	44	9	1	
390	17.07.2019 00:17	131	1	18	17	0	24	44	9	1	
391	17.07.2019 01:17	136	2	20	16	0	24	45	9	1	
392	17.07.2019 02:17	129	4	21	14	0	23	45	9	1	
393	17.07.2019 03:17	132	4	20	16	0	23	45	9	1	
394	17.07.2019 04:17	169	2	27	19	0	23	45	9	1	
395	17.07.2019 05:17	254	1	32	37	0	23	45	9	1	
396	17.07.2019 06:17	280	5	37	39	0	23	45	9	1	
397	17.07.2019 07:17	247	3	20	47	0	23	45	9	1	
398	17.07.2019 08:17	99	1	9	18	0	23	45	9	1	
399	17.07.2019 09:17	114	0	10	21	0	23	45	9	1	
400	17.07.2019 10:17	51	3	5	9	0	23	45	9	1	
401	17.07.2019 11:17	29	1	6	2	0	23	45	9	1	
402	17.07.2019 12:17	25	0	6	1	0	23	45	9	1	
403	17.07.2019 13:17	41	3	7	4	0	24	45	9	1	
404	17.07.2019 14:17	22	0	3	3	0	24	45	9	1	
405	17.07.2019 15:17	34	0	4	5	0	24	45	9	1	
406	17.07.2019 16:17	26	1	3	4	0	24	45	9	1	
407	17.07.2019 17:17	18	1	2	3	0	24	45	9	1	
408	17.07.2019 18:17	23	0	3	3	0	25	44	9	1	
409	17.07.2019 19:17	19	0	4	1	0	25	44	9	1	
410	17.07.2019 20:17	34	0	4	5	0	25	44	9	1	
411	17.07.2019 21:17	34	0	3	6	0	25	44	9	1	
412	17.07.2019 22:17	26	2	4	3	0	25	44	9	1	
413	17.07.2019 23:17	71	0	13	6	0	24	44	9	1	
414	18.07.2019 00:17	94	1	13	12	0	24	45	9	1	
415	18.07.2019 01:17	113	3	14	16	0	24	45	9	1	
416	18.07.2019 02:17	109	0	16	13	0	24	45	9	1	
417	18.07.2019 03:17	181	4	25	23	0	24	45	9	1	
418	18.07.2019 04:17	193	3	21	30	0	24	45	9	1	
419	18.07.2019 05:17	132	6	16	20	0	23	45	9	1	
420	18.07.2019 06:17	192	1	27	25	0	23	45	9	1	
421	18.07.2019 07:17	236	3	34	30	0	23	45	9	1	
422	18.07.2019 08:17	166	2	19	26	0	23	45	9	1	
423	18.07.2019 09:17	87	3	8	15	0	24	45	9	1	
424	18.07.2019 10:17	75	1	11	9	0	24	45	9	1	
425	18.07.2019 11:17	42	1	4	7	0	25	44	9	1	
426	18.07.2019 12:17	84	4	11	11	0	25	44	9	1	
427	18.07.2019 13:17	70	0	9	9	0	26	44	9	1	
428	18.07.2019 14:17	35	1	5	4	0	26	44	9	1	
429	18.07.2019 15:17	46	1	4	8	0	26	43	9	1	
430	18.07.2019 16:17	50	0	9	4	0	26	43	9	1	
431	18.07.2019 17:17	31	0	4	4	0	26	43	9	1	
432	18.07.2019 18:17	62	0	11	5	0	26	43	9	1	
433	18.07.2019 19:17	56	2	6	8	0	27	43	9	1	
434	18.07.2019 20:17	76	1	6	13	0	27	43	9	1	
435	18.07.2019 21:17	78	0	10	10	0	26	44	9	1	
436	18.07.2019 22:17	82	2	8	13	0	26	44	9	1	
437	18.07.2019 23:17	114	0	16	13	0	26	44	9	1	
438	19.07.2019 00:17	90	1	10	13	0	26	44	9	1	
439	19.07.2019 01:17	106	2	12	15	0	26	44	9	1	
440	19.07.2019 02:17	151	1	19	19	0	26	45	9	1	
441	19.07.2019 03:17	139	4	14	21	0	26	45	9	1	
442	19.07.2019 04:17	183	4	21	25	0	26	45	9	1	
443	19.07.2019 05:17	186	2	27	21	0	25	45	9	1	
444	19.07.2019 06:17	229	4	26	33	0	25	45	9	1	
445	19.07.2019 07:17	167	0	11	32	0	25	45	9	1	
446	19.07.2019 08:17	174	2	24	21	0	25	45	9	1	
447	19.07.2019 09:17	151	1	19	20	0	25	45	9	1	
448	19.07.2019 10:17	66	2	11	6	0	25	45	9	1	
449	19.07.2019 11:17	76	1	8	12	0	25	44	9	1	
450	19.07.2019 12:17	51	2	4	9	0	26	44	9	1	
451	19.07.2019 13:17	23	1	1	5	0	26	44	9	1	
452	19.07.2019 14:17	38	1	4	6	0	25	44	9	1	
453	19.07.2019 15:17	42	1	5	6	0	25	45	9	1	
454	19.07.2019 16:17	60	0	8	7	0	26	46	9	1	
455	19.07.2019 17:17	48	0	6	6	0	26	46	9	1	
456	19.07.2019 18:17	60	0	8	7	1	26	47	9	1	
457	19.07.2019 19:17	81	1	9	11	0	26	47	9	1	
458	19.07.2019 20:17	65	1	9	7	0	26	48	9	1	
459	19.07.2019 21:17	67	1	9	8	0	25	48	9	1	
460	19.07.2019 22:17	79	2	10	10	0	25	48	9	1	
461	19.07.2019 23:17	107	0	12	15	0	25	48	9	1	
462	20.07.2019 00:17	162	1	20	21	0	25	47	9	1	
463	20.07.2019 01:17	166	1	20	22	0	25	47	9	1	
464	20.07.2019 02:17	194	4	26	23	0	25	47	9	1	
465	20.07.2019 03:17	178	7	24	21	0	25	47	9	1	
466	20.07.2019 04:17	229	4	28	30	0	25	47	9	1	
467	20.07.2019 05:17	247	2	27	37	0	24	47	9	1	
468	20.07.2019 06:17	239	4	35	27	0	24	47	9	1	
469	20.07.2019 07:17	278	4	34	38	0	24	47	9	1	
470	20.07.2019 08:17	179	3	22	24	0	24	48	9	1	
471	20.07.2019 09:17	183	2	20	26	0	25	48	9	1	
472	20.07.2019 10:17	116	3	13	16	0	25	49	9	1	
473	20.07.2019 11:17	112	2	10	17	0	26	50	9	1	
474	20.07.2019 12:17	84	2	9	11	0	27	49	9	1	
475	20.07.2019 13:17	54	1	5	8	0	27	49	9	1	
476	20.07.2019 14:17	50	1	4	8	0	27	48	9	1	
477	20.07.2019 15:17	46	0	5	6	0	27	48	9	1	
478	20.07.2019 16:17	45	0	4	7	0	27	47	9	1	
479	20.07.2019 17:17	29	1	4	3	0	28	47	9	1	
480	20.07.2019 18:17	12	1	2	1	0	28	47	9	1	
481	20.07.2019 19:17	38	1	6	3	0	28	47	9	1	
482	20.07.2019 20:17	80	4	10	9	0	28	47	9	1	
483	20.07.2019 21:17	51	0	4	8	0	28	47	9	1	
484	20.07.2019 22:17	68	1	6	10	0	28	47	9	1	
485	20.07.2019 23:17	51	1	2	10	0	28	47	9	1	
486	21.07.2019 00:17	80	0	11	8	0	28	47	9	1	
487	21.07.2019 01:17	102	3	13	11	0	28	47	9	1	
488	21.07.2019 02:17	158	3	20	17	0	28	48	9	1	
489	21.07.2019 03:17	137	0	18	14	0	28	48	9	1	
490	21.07.2019 04:17	155	1	16	21	0	27	48	9	1	
491	21.07.2019 05:17	138	5	16	17	0	27	48	9	1	
492	21.07.2019 06:17	230	1	26	29	0	27	48	9	1	
493	21.07.2019 07:17	247	5	25	34	0	27	48	9	1	
494	21.07.2019 08:17	272	2	31	34	0	27	48	9	1	
495	21.07.2019 09:17	117	2	12	16	0	27	48	9	1	
496	21.07.2019 10:17	126	1	9	21	0	27	49	9	1	
497	21.07.2019 11:17	54	2	8	5	0	27	49	9	1	
498	21.07.2019 12:17	102	0	8	16	0	27	50	9	1	
499	21.07.2019 13:17	89	0	9	12	0	27	50	9	1	
500	21.07.2019 14:17	68	2	7	9	0	27	50	9	1	
501	21.07.2019 15:17	42	1	7	3	0	27	50	9	1	
502	21.07.2019 16:17	34	1	6	2	0	27	50	9	1	
503	21.07.2019 17:17	34	1	4	4	0	27	50	9	1	
504	21.07.2019 18:17	72	0	13	4	0	27	50	9	1	
505	21.07.2019 19:17	89	1	13	8	0	27	50	9	1	
506	21.07.2019 20:17	110	0	13	13	0	27	50	9	1	
507	21.07.2019 21:17	123	0	17	12	0	27	50	9	1	
508	21.07.2019 22:17	136	1	17	15	0	27	50	9	1	
509	21.07.2019 23:17	119	2	16	12	0	27	50	9	1	
510	22.07.2019 00:17	173	3	23	19	0	26	49	9	1	
511	22.07.2019 01:17	202	3	26	23	0	26	49	9	1	
512	22.07.2019 02:17	243	7	29	30	0	26	49	9	1	
513	22.07.2019 03:17	243	8	28	31	0	26	49	9	1	
514	22.07.2019 04:17	177	3	20	24	0	25	49	9	1	
515	22.07.2019 05:17	266	4	34	32	0	25	49	9	1	
516	22.07.2019 06:17	262	3	30	35	0	25	49	9	1	
517	22.07.2019 07:17	252	6	29	33	0	25	50	9	1	
518	22.07.2019 08:17	215	0	15	38	0	25	50	9	1	
519	22.07.2019 09:17	116	2	14	14	0	26	50	9	1	
520	22.07.2019 10:17	91	0	10	12	0	26	50	9	1	
521	22.07.2019 11:17	45	0	3	8	0	26	50	9	1	
522	22.07.2019 12:17	38	0	5	4	0	27	49	9	1	
523	22.07.2019 13:17	29	0	2	5	0	27	48	9	1	
524	22.07.2019 14:17	29	0	5	2	0	27	47	9	1	
525	22.07.2019 15:17	12	0	2	1	0	27	45	9	1	
526	22.07.2019 16:17	4	0	1	0	0	28	44	9	1	
527	22.07.2019 17:17	41	0	6	4	0	28	44	9	1	
528	22.07.2019 18:17	16	0	0	4	0	28	43	9	1	
529	22.07.2019 19:17	20	0	3	2	0	28	43	9	1	
530	22.07.2019 20:17	49	0	7	5	0	28	43	9	1	
531	22.07.2019 21:17	41	0	6	4	0	28	44	9	1	
532	22.07.2019 22:17	62	1	6	9	0	28	44	9	1	
533	22.07.2019 23:17	36	0	4	5	0	27	45	9	1	
534	23.07.2019 00:17	69	1	10	7	0	27	45	9	1	
535	23.07.2019 01:17	78	2	11	8	0	27	46	9	1	
536	23.07.2019 02:17	160	1	17	22	0	27	46	9	1	
537	23.07.2019 03:17	135	3	15	18	0	27	46	9	1	
538	23.07.2019 04:17	111	3	18	9	0	27	46	9	1	
539	23.07.2019 05:17	157	0	15	23	0	27	47	9	1	
540	23.07.2019 06:17	182	3	29	15	0	27	47	9	1	
541	23.07.2019 07:17	142	2	16	19	0	26	47	9	1	
542	23.07.2019 08:17	149	0	13	23	0	27	47	9	1	
543	23.07.2019 09:17	37	1	3	6	0	27	46	9	1	
544	23.07.2019 10:17	75	1	6	12	0	28	45	9	1	
545	23.07.2019 11:17	51	0	4	8	0	29	45	9	1	
546	23.07.2019 12:17	38	0	6	3	0	29	44	9	1	
547	23.07.2019 13:17	20	0	1	4	0	29	43	9	1	
548	23.07.2019 14:17	41	0	6	4	0	29	43	9	1	
549	23.07.2019 15:17	21	1	3	2	0	29	44	9	1	
550	23.07.2019 16:17	20	2	1	4	0	29	43	9	1	
551	23.07.2019 17:17	50	1	5	7	0	29	43	9	1	
552	23.07.2019 18:17	25	1	2	4	0	30	43	9	1	
553	23.07.2019 19:17	30	0	4	3	0	30	44	9	1	
554	23.07.2019 20:17	38	0	2	7	0	30	44	9	1	
555	23.07.2019 21:17	43	0	7	3	0	30	45	9	1	
556	23.07.2019 22:17	52	1	8	4	0	30	45	9	1	
557	23.07.2019 23:17	78	1	7	11	0	30	45	9	1	
558	24.07.2019 00:17	92	1	13	8	0	30	46	9	1	
559	24.07.2019 01:17	114	0	15	11	0	30	46	9	1	
560	24.07.2019 02:17	145	5	17	16	0	30	46	9	1	
561	24.07.2019 03:17	112	1	11	15	0	29	46	9	1	
562	24.07.2019 04:17	224	5	27	25	0	29	46	9	1	
563	24.07.2019 05:17	206	1	22	26	0	29	46	9	1	
564	24.07.2019 06:17	234	1	29	25	0	29	47	9	1	
565	24.07.2019 07:17	189	4	20	25	0	28	46	9	1	
566	24.07.2019 08:17	146	2	10	24	0	29	46	9	1	
567	24.07.2019 09:17	140	0	13	20	0	29	45	9	1	
568	24.07.2019 10:17	96	2	9	13	0	30	45	9	1	
569	24.07.2019 11:17	117	1	9	18	0	30	45	9	1	
570	24.07.2019 12:17	83	0	7	12	0	31	44	9	1	
571	24.07.2019 13:17	30	0	1	6	0	31	43	9	1	
572	24.07.2019 14:17	17	0	1	3	0	31	42	9	1	
573	24.07.2019 15:17	21	0	4	1	0	31	40	9	1	
574	24.07.2019 16:17	33	0	4	4	0	31	39	9	1	
575	24.07.2019 17:17	4	1	0	1	1	31	39	9	1	
576	24.07.2019 18:17	26	0	4	2	0	32	40	9	1	
577	24.07.2019 19:17	25	1	3	3	0	32	38	9	1	
578	24.07.2019 20:17	25	0	3	3	0	32	38	9	1	
579	24.07.2019 21:17	43	0	6	4	0	32	39	9	1	
580	24.07.2019 22:17	73	1	10	7	0	32	40	9	1	
581	24.07.2019 23:17	65	2	12	3	0	32	41	9	1	
582	25.07.2019 00:17	91	0	11	10	0	31	42	9	1	
583	25.07.2019 01:17	78	1	12	6	0	31	42	9	1	
584	25.07.2019 02:17	112	2	12	14	0	31	42	9	1	
585	25.07.2019 03:17	83	0	9	10	0	31	43	9	1	
586	25.07.2019 04:17	135	2	13	18	0	31	43	9	1	
587	25.07.2019 05:17	162	0	17	21	0	30	43	9	1	
588	25.07.2019 06:17	268	1	29	33	0	30	44	9	1	
589	25.07.2019 07:17	188	3	23	21	0	30	43	9	1	
590	25.07.2019 08:17	144	4	13	21	0	30	42	9	1	
591	25.07.2019 09:17	123	2	9	20	0	30	42	9	1	
592	25.07.2019 10:17	91	3	11	10	0	31	42	9	1	
593	25.07.2019 11:17	130	1	13	17	0	31	42	9	1	
594	25.07.2019 12:17	144	2	14	19	0	32	41	9	1	
595	25.07.2019 13:17	96	2	12	10	0	32	41	9	1	
596	25.07.2019 14:17	109	1	10	15	0	32	41	9	1	
597	25.07.2019 15:17	87	0	9	11	0	32	41	9	1	
598	25.07.2019 16:17	78	1	9	9	0	32	40	9	1	
599	25.07.2019 17:17	52	1	4	8	0	32	40	9	1	
600	25.07.2019 18:17	35	2	5	3	0	33	40	9	1	
601	25.07.2019 19:17	66	0	8	7	0	33	40	9	1	
602	25.07.2019 20:17	48	0	6	5	0	33	39	9	1	
603	25.07.2019 21:17	78	0	12	6	0	33	38	9	1	
604	25.07.2019 22:17	42	1	5	5	0	32	38	9	1	
605	25.07.2019 23:17	84	1	9	11	0	32	37	9	1	
606	26.07.2019 00:17	63	2	9	6	0	32	38	9	1	
607	26.07.2019 01:17	90	0	8	14	0	31	37	9	1	
608	26.07.2019 02:17	60	1	4	11	0	30	37	9	1	
609	26.07.2019 03:17	70	1	4	14	0	29	37	9	1	
610	26.07.2019 04:17	47	1	6	6	0	29	37	9	1	
611	26.07.2019 05:17	62	0	7	9	0	28	38	9	1	
612	26.07.2019 06:17	93	2	11	13	0	28	38	9	1	
613	26.07.2019 07:17	89	1	13	10	0	28	38	9	1	
614	26.07.2019 08:17	90	0	16	7	0	28	39	9	1	
615	26.07.2019 09:17	52	0	3	10	0	29	39	9	1	
616	26.07.2019 10:17	65	0	9	7	0	30	39	9	1	
617	26.07.2019 11:17	63	0	10	5	0	31	39	9	1	
618	26.07.2019 12:17	65	1	7	9	0	31	37	9	1	
619	26.07.2019 13:17	58	0	6	8	0	32	37	9	1	
620	26.07.2019 14:17	45	1	9	2	0	32	36	9	1	
621	26.07.2019 15:17	24	1	3	3	0	32	36	9	1	
622	26.07.2019 16:17	20	1	2	3	0	32	36	9	1	
623	26.07.2019 17:17	33	0	6	2	0	32	37	9	1	
624	26.07.2019 18:17	28	1	2	5	0	32	35	9	1	
625	26.07.2019 19:17	16	0	4	0	0	32	33	9	1	
626	26.07.2019 20:17	12	0	1	2	0	32	33	9	1	
627	26.07.2019 21:17	15	0	3	1	0	32	32	9	1	
628	26.07.2019 22:17	11	0	3	0	1	32	32	9	1	
629	26.07.2019 23:17	19	0	4	1	0	32	32	9	1	
630	27.07.2019 00:17	16	0	2	2	0	32	33	9	1	
631	27.07.2019 01:17	43	0	7	4	0	31	33	9	1	
632	27.07.2019 02:17	57	0	5	10	0	30	33	9	1	
633	27.07.2019 03:17	42	0	8	3	0	30	34	9	1	
634	27.07.2019 04:17	71	1	12	7	0	29	34	9	1	
635	27.07.2019 05:17	42	1	4	7	0	29	35	9	1	
636	27.07.2019 06:17	57	0	9	6	0	29	35	9	1	
637	27.07.2019 07:17	49	2	5	8	0	28	36	9	1	
638	27.07.2019 08:17	62	1	9	7	0	29	37	9	1	
639	27.07.2019 09:17	55	0	4	10	0	29	37	9	1	
640	27.07.2019 10:17	35	1	5	4	0	29	38	9	1	
641	27.07.2019 11:17	11	0	2	1	0	29	38	9	1	
642	27.07.2019 12:17	15	0	2	2	0	29	38	9	1	
643	27.07.2019 13:17	16	1	2	2	0	30	38	9	1	
644	27.07.2019 14:17	37	0	6	3	0	30	39	9	1	
645	27.07.2019 15:17	37	1	3	6	0	30	39	9	1	
646	27.07.2019 16:17	53	0	9	4	0	30	39	9	1	
647	27.07.2019 17:17	8	0	0	2	0	31	40	9	1	
648	27.07.2019 18:17	29	2	1	6	0	30	41	9	1	
649	27.07.2019 19:17	16	0	1	3	0	30	42	9	1	
650	27.07.2019 20:17	21	1	2	3	0	30	42	9	1	
651	27.07.2019 21:17	17	0	4	0	0	30	43	9	1	
652	27.07.2019 22:17	42	0	7	3	0	30	43	9	1	
653	27.07.2019 23:17	72	1	7	10	0	30	43	9	1	
654	28.07.2019 00:17	111	2	16	10	0	30	43	9	1	
655	28.07.2019 01:17	121	4	13	16	0	29	43	9	1	
656	28.07.2019 02:17	159	2	25	13	0	29	43	9	1	
657	28.07.2019 03:17	197	1	23	24	1	29	43	9	1	
658	28.07.2019 04:17	192	3	29	17	0	29	43	9	1	
659	28.07.2019 05:17	209	1	25	25	0	29	43	9	1	
660	28.07.2019 06:17	224	1	22	31	0	29	44	9	1	
661	28.07.2019 07:17	186	3	17	28	0	28	44	9	1	
662	28.07.2019 08:17	129	4	13	18	0	28	45	9	1	
663	28.07.2019 09:17	80	1	6	13	0	28	46	9	1	
664	28.07.2019 10:17	33	0	3	5	0	27	47	9	1	
665	28.07.2019 11:17	16	0	3	1	0	27	48	9	1	
666	28.07.2019 12:17	30	1	3	4	0	28	48	9	1	
667	28.07.2019 13:17	12	0	1	2	0	28	47	9	1	
668	28.07.2019 14:17	29	0	3	4	0	28	47	9	1	
669	28.07.2019 15:17	17	0	2	2	0	28	47	9	1	
670	28.07.2019 16:17	8	2	1	1	0	28	46	9	1	
671	28.07.2019 17:17	8	0	2	0	0	29	46	9	1	
672	28.07.2019 18:17	17	0	1	3	0	29	46	9	1	
673	28.07.2019 19:17	47	0	5	6	0	29	46	9	1	
674	28.07.2019 20:17	38	0	5	4	0	29	46	9	1	
675	28.07.2019 21:17	68	0	9	7	0	29	46	9	1	
676	28.07.2019 22:17	39	0	5	4	0	29	47	9	1	
677	28.07.2019 23:17	47	1	7	4	0	29	47	9	1	
678	29.07.2019 00:17	72	1	11	6	0	28	47	9	1	
679	29.07.2019 01:17	102	2	12	12	0	28	47	9	1	
680	29.07.2019 02:17	114	2	12	15	0	28	47	9	1	
681	29.07.2019 03:17	157	2	21	16	0	28	47	9	1	
682	29.07.2019 04:17	208	4	27	22	0	28	47	9	1	
683	29.07.2019 05:17	216	3	26	25	0	28	47	9	1	
684	29.07.2019 06:17	293	3	25	44	1	28	47	9	1	
685	29.07.2019 07:17	263	2	31	31	0	28	47	9	1	
686	29.07.2019 08:17	249	6	26	34	0	27	47	9	1	
687	29.07.2019 09:17	162	7	14	24	0	28	48	9	1	
688	29.07.2019 10:17	101	3	5	19	0	27	49	9	1	
689	29.07.2019 11:17	56	0	9	4	0	28	49	9	1	
690	29.07.2019 12:17	82	0	13	6	0	28	50	9	1	
691	29.07.2019 13:17	102	0	14	9	0	29	50	9	1	
692	29.07.2019 14:17	35	1	3	5	0	29	50	9	1	
693	29.07.2019 15:17	35	0	1	7	0	29	49	9	1	
694	29.07.2019 16:17	26	2	3	3	0	29	49	9	1	
695	29.07.2019 17:17	35	0	4	4	0	29	48	9	1	
696	29.07.2019 18:17	48	0	8	3	0	29	48	9	1	
697	29.07.2019 19:17	48	1	4	7	0	29	48	9	1	
698	29.07.2019 20:17	52	0	6	6	0	29	48	9	1	
699	29.07.2019 21:17	39	1	5	4	0	29	49	9	1	
700	29.07.2019 22:17	70	0	11	5	0	29	49	9	1	
701	29.07.2019 23:17	61	1	6	8	0	29	49	9	1	
702	30.07.2019 00:17	110	1	11	14	0	29	49	9	1	
703	30.07.2019 01:17	83	1	14	5	0	29	49	9	1	
704	30.07.2019 02:17	141	2	16	16	0	29	49	9	1	
705	30.07.2019 03:17	119	1	16	11	0	29	49	9	1	
706	30.07.2019 04:17	170	0	22	17	0	28	50	9	1	
707	30.07.2019 05:17	126	0	18	11	0	28	50	9	1	
708	30.07.2019 06:17	152	2	18	17	0	28	50	9	1	
709	30.07.2019 07:17	156	0	14	22	0	28	50	9	1	
710	30.07.2019 08:17	162	0	15	22	0	28	51	9	1	
711	30.07.2019 09:17	105	3	6	18	0	28	51	9	1	
712	30.07.2019 10:17	61	1	8	6	0	28	51	9	1	
713	30.07.2019 11:17	49	1	6	5	0	29	51	9	1	