záznam	cas	radon[Bq/m3]	sum1	sum2	sum3	sum4	Teplota[°C]	Vlhkost[%]	HV	Algorit.	
1	11.06.2019 15:35	55	2	10	11	0	25	57	9	1	
2	11.06.2019 16:35	49	2	11	8	1	25	57	9	1	
3	11.06.2019 17:35	67	4	17	9	0	25	56	9	1	
4	11.06.2019 18:35	52	2	6	14	0	25	56	9	1	
5	11.06.2019 19:35	70	2	13	14	0	25	56	9	1	
6	11.06.2019 20:35	70	3	14	13	0	25	56	9	1	
7	11.06.2019 21:35	44	0	12	5	0	25	56	9	1	
8	11.06.2019 22:35	52	2	9	11	0	25	56	9	1	
9	11.06.2019 23:35	47	2	7	11	0	25	57	9	1	
10	12.06.2019 00:35	81	1	14	17	0	25	57	9	1	
11	12.06.2019 01:35	70	1	16	11	0	25	57	9	1	
12	12.06.2019 02:35	97	1	17	20	0	25	57	9	1	
13	12.06.2019 03:35	78	3	15	15	0	25	57	9	1	
14	12.06.2019 04:35	89	1	13	21	0	25	57	9	1	
15	12.06.2019 05:35	78	1	14	16	0	25	57	9	1	
16	12.06.2019 06:35	81	1	15	16	0	25	57	9	1	
17	12.06.2019 07:35	99	4	18	20	0	25	57	9	1	
18	12.06.2019 08:35	76	2	15	14	0	25	57	9	1	
19	12.06.2019 09:35	97	0	22	15	0	25	57	9	1	
20	12.06.2019 10:35	52	2	9	11	0	25	56	9	1	
21	12.06.2019 11:35	72	4	14	14	0	25	55	9	1	
22	12.06.2019 12:35	76	0	16	14	0	25	54	9	1	
23	12.06.2019 13:35	53	1	7	14	0	25	54	9	1	
24	12.06.2019 14:35	63	1	15	10	0	25	53	9	1	
25	12.06.2019 15:35	54	2	9	12	0	26	53	9	1	
26	12.06.2019 16:35	56	2	13	9	0	26	52	9	1	
27	12.06.2019 17:35	59	2	10	13	0	26	53	9	1	
28	12.06.2019 18:35	46	2	10	8	0	26	53	9	1	
29	12.06.2019 19:35	36	0	5	9	0	26	53	9	1	
30	12.06.2019 20:35	31	1	6	6	0	26	53	9	1	
31	12.06.2019 21:35	53	0	12	9	0	25	54	9	1	
32	12.06.2019 22:35	100	3	20	19	0	25	54	9	1	
33	12.06.2019 23:35	105	1	27	14	0	25	55	9	1	
34	13.06.2019 00:35	165	1	29	35	0	25	55	9	1	
35	13.06.2019 01:35	157	5	30	31	0	25	55	9	1	
36	13.06.2019 02:35	199	3	45	32	0	25	55	9	1	
37	13.06.2019 03:35	171	3	35	32	0	25	54	9	1	
38	13.06.2019 04:35	169	1	38	28	0	25	54	9	1	
39	13.06.2019 05:35	164	3	32	32	0	25	54	9	1	
40	13.06.2019 06:35	197	0	34	43	0	25	54	9	1	
41	13.06.2019 07:35	257	2	58	43	0	25	53	9	1	
42	13.06.2019 08:35	124	2	28	21	0	25	53	9	1	
43	13.06.2019 09:35	141	1	22	34	0	25	52	9	1	
44	13.06.2019 10:35	130	2	23	29	0	25	51	9	1	
45	13.06.2019 11:35	147	3	33	26	0	25	51	9	1	
46	13.06.2019 12:35	137	3	20	35	0	25	51	9	1	
47	13.06.2019 13:35	127	1	29	22	0	25	51	9	1	
48	13.06.2019 14:35	150	1	32	28	0	25	51	9	1	
49	13.06.2019 15:35	100	2	21	19	1	25	51	9	1	
50	13.06.2019 16:35	92	1	17	20	0	25	51	9	1	
51	13.06.2019 17:35	118	1	30	17	0	25	52	9	1	
52	13.06.2019 18:35	116	5	25	21	0	25	52	9	1	
53	13.06.2019 19:35	141	5	30	26	0	25	52	9	1	
54	13.06.2019 20:35	137	3	28	26	0	25	53	9	1	
55	13.06.2019 21:35	115	1	18	27	0	25	54	9	1	
56	13.06.2019 22:35	90	0	15	20	0	25	55	9	1	
57	13.06.2019 23:35	131	1	35	16	0	25	55	9	1	
58	14.06.2019 00:35	144	1	38	18	0	25	55	9	1	
59	14.06.2019 01:35	191	4	40	34	0	25	55	9	1	
60	14.06.2019 02:35	165	2	30	34	0	25	55	9	1	
61	14.06.2019 03:35	135	2	20	32	0	25	56	9	1	
62	14.06.2019 04:35	171	3	39	27	0	25	56	9	1	
63	14.06.2019 05:35	122	2	14	33	0	25	56	9	1	
64	14.06.2019 06:35	125	1	21	27	0	25	56	9	1	
65	14.06.2019 07:35	135	3	28	24	0	25	56	9	1	
66	14.06.2019 08:35	145	1	30	26	0	25	56	9	1	
67	14.06.2019 09:35	177	3	32	36	0	25	56	9	1	
68	14.06.2019 10:35	142	1	28	27	0	25	55	9	1	
69	14.06.2019 11:35	98	1	22	16	0	25	55	9	1	
70	14.06.2019 12:35	107	2	18	24	0	25	54	9	1	
71	14.06.2019 13:35	69	1	10	17	0	25	54	9	1	
72	14.06.2019 14:35	43	0	9	8	0	25	54	9	1	
73	14.06.2019 15:35	73	0	18	10	0	26	54	9	1	
74	14.06.2019 16:35	73	3	16	12	0	26	54	9	1	
75	14.06.2019 17:35	47	3	7	11	0	26	54	9	1	
76	14.06.2019 18:35	73	0	13	15	0	26	54	9	1	
77	14.06.2019 19:35	52	0	12	8	0	26	54	9	1	
78	14.06.2019 20:35	55	0	8	13	0	26	54	9	1	
79	14.06.2019 21:35	70	1	12	15	0	26	54	9	1	
80	14.06.2019 22:35	64	1	17	8	0	25	55	9	1	
81	14.06.2019 23:35	70	0	9	18	0	25	56	9	1	
82	15.06.2019 00:35	49	0	8	11	0	25	56	9	1	
83	15.06.2019 01:35	47	2	13	5	0	25	57	9	1	
84	15.06.2019 02:35	55	2	11	10	0	25	57	9	1	
85	15.06.2019 03:35	57	2	15	7	0	25	57	9	1	
86	15.06.2019 04:35	68	1	11	15	0	25	57	9	1	
87	15.06.2019 05:35	70	1	13	14	0	25	57	9	1	
88	15.06.2019 06:35	65	4	15	10	0	25	57	9	1	
89	15.06.2019 07:35	87	2	18	15	0	26	56	9	1	
90	15.06.2019 08:35	74	5	13	15	0	26	56	9	1	
91	15.06.2019 09:35	103	3	23	16	0	26	56	9	1	
92	15.06.2019 10:35	109	1	19	22	0	26	56	9	1	
93	15.06.2019 11:35	111	3	22	20	0	26	56	9	1	
94	15.06.2019 12:35	72	1	11	16	0	26	57	9	1	
95	15.06.2019 13:35	67	2	18	7	0	26	57	9	1	
96	15.06.2019 14:35	101	1	19	19	0	26	56	9	1	
97	15.06.2019 15:35	101	1	23	15	0	26	56	9	1	
98	15.06.2019 16:35	81	2	16	15	0	26	55	9	1	
99	15.06.2019 17:35	140	2	26	27	0	26	55	9	1	
100	15.06.2019 18:35	150	6	33	24	0	26	55	9	1	
101	15.06.2019 19:35	198	4	36	39	0	26	55	9	1	
102	15.06.2019 20:35	185	3	29	41	0	26	55	9	1	
103	15.06.2019 21:35	113	2	21	22	0	26	55	9	1	
104	15.06.2019 22:35	126	1	26	22	0	26	55	9	1	
105	15.06.2019 23:35	171	2	33	32	0	26	55	9	1	
106	16.06.2019 00:35	150	4	21	36	0	26	55	9	1	
107	16.06.2019 01:35	124	3	25	22	0	26	55	9	1	
108	16.06.2019 02:35	158	3	35	26	0	25	56	9	1	
109	16.06.2019 03:35	127	2	21	28	0	25	56	9	1	
110	16.06.2019 04:35	98	1	19	19	0	25	56	9	1	
111	16.06.2019 05:35	85	4	13	20	0	25	55	9	1	
112	16.06.2019 06:35	113	4	22	21	0	26	55	9	1	
113	16.06.2019 07:35	95	1	23	14	0	25	55	9	1	
114	16.06.2019 08:35	139	2	27	27	0	25	55	9	1	
115	16.06.2019 09:35	134	3	27	25	0	25	55	9	1	
116	16.06.2019 10:35	85	1	12	21	0	25	55	9	1	
117	16.06.2019 11:35	90	2	18	17	0	25	55	9	1	
118	16.06.2019 12:35	130	0	24	27	0	25	54	9	1	
119	16.06.2019 13:35	71	4	17	11	0	25	53	9	1	
120	16.06.2019 14:35	91	1	17	19	0	25	53	9	1	
121	16.06.2019 15:35	88	3	19	16	0	25	52	9	1	
122	16.06.2019 16:35	101	1	18	22	0	25	52	9	1	
123	16.06.2019 17:35	121	4	19	29	0	25	52	9	1	
124	16.06.2019 18:35	75	0	17	13	0	25	51	9	1	
125	16.06.2019 19:35	85	1	16	18	0	25	51	9	1	
126	16.06.2019 20:35	100	0	24	16	0	25	51	9	1	
127	16.06.2019 21:35	129	0	34	18	0	25	50	9	1	
128	16.06.2019 22:35	119	2	34	14	0	25	50	9	1	
129	16.06.2019 23:35	131	6	26	27	0	25	50	9	1	
130	17.06.2019 00:35	139	1	26	30	0	25	50	9	1	
131	17.06.2019 01:35	129	3	33	19	0	25	50	9	1	
132	17.06.2019 02:35	124	2	24	26	0	25	50	9	1	
133	17.06.2019 03:35	104	2	20	22	0	25	50	9	1	
134	17.06.2019 04:35	124	2	26	24	0	25	50	9	1	
135	17.06.2019 05:35	91	2	22	15	0	25	50	9	1	
136	17.06.2019 06:35	147	0	34	26	0	25	49	9	1	
137	17.06.2019 07:35	137	2	32	24	0	25	49	9	1	
138	17.06.2019 08:35	120	3	25	24	0	25	49	9	1	
139	17.06.2019 09:35	155	0	26	37	0	25	49	9	1	
140	17.06.2019 10:35	105	0	19	24	0	25	49	9	1	
141	17.06.2019 11:35	123	1	19	31	0	25	49	9	1	
142	17.06.2019 12:35	119	2	24	25	0	25	48	9	1	
143	17.06.2019 13:35	82	0	15	19	0	25	48	9	1	
144	17.06.2019 14:35	75	1	19	12	0	25	48	9	1	
145	17.06.2019 15:35	87	0	19	17	0	25	47	9	1	
146	17.06.2019 16:35	74	2	16	15	0	25	47	9	1	
147	17.06.2019 17:35	96	5	22	18	0	25	47	9	1	
148	17.06.2019 18:35	101	0	18	24	0	25	47	9	1	
149	17.06.2019 19:35	91	1	21	17	0	25	47	9	1	
150	17.06.2019 20:35	103	3	24	19	0	25	47	9	1	
151	17.06.2019 21:35	94	4	16	23	0	25	47	9	1	
152	17.06.2019 22:35	113	3	22	25	0	25	47	9	1	
153	17.06.2019 23:35	131	3	28	26	0	25	48	9	1	
154	18.06.2019 00:35	109	1	23	22	0	25	48	9	1	
155	18.06.2019 01:35	130	0	26	27	0	25	49	9	1	
156	18.06.2019 02:35	110	4	22	23	0	25	49	9	1	
157	18.06.2019 03:35	135	6	29	26	0	25	49	9	1	
158	18.06.2019 04:35	105	3	20	23	0	25	49	9	1	
159	18.06.2019 05:35	93	3	18	20	0	25	49	9	1	
160	18.06.2019 06:35	155	3	34	29	0	25	49	9	1	
161	18.06.2019 07:35	135	4	23	32	0	25	49	9	1	
162	18.06.2019 08:35	146	0	32	28	0	25	48	9	1	
163	18.06.2019 09:35	102	1	21	22	0	24	48	9	1	
164	18.06.2019 10:35	121	1	18	32	0	25	48	9	1	
165	18.06.2019 11:35	119	1	20	29	0	25	48	9	1	
166	18.06.2019 12:35	97	0	22	18	0	25	48	9	1	
167	18.06.2019 13:35	104	0	24	19	0	25	48	9	1	
168	18.06.2019 14:35	74	4	18	13	0	25	47	9	1	
169	18.06.2019 15:35	96	0	23	17	0	25	47	9	1	
170	18.06.2019 16:35	82	1	16	18	0	25	47	9	1	
171	18.06.2019 17:35	82	2	15	19	0	25	47	9	1	
172	18.06.2019 18:35	79	3	19	14	0	25	47	9	1	
173	18.06.2019 19:35	108	2	27	18	0	25	47	9	1	
174	18.06.2019 20:35	128	3	25	28	0	25	47	9	1	
175	18.06.2019 21:35	120	1	24	26	0	25	47	9	1	
176	18.06.2019 22:35	146	1	34	26	0	25	48	9	1	
177	18.06.2019 23:35	131	3	24	30	0	25	48	9	1	
178	19.06.2019 00:35	178	1	39	34	0	25	48	9	1	
179	19.06.2019 01:35	117	2	27	21	0	25	48	9	1	
180	19.06.2019 02:35	162	2	34	32	0	25	49	9	1	
181	19.06.2019 03:35	142	1	22	36	0	25	49	9	1	
182	19.06.2019 04:35	113	2	21	25	0	25	49	9	1	
183	19.06.2019 05:35	135	2	36	19	0	25	49	9	1	
184	19.06.2019 06:35	201	2	36	45	0	25	50	9	1	
185	19.06.2019 07:35	181	6	32	41	0	25	50	9	1	
186	19.06.2019 08:35	176	2	41	30	0	25	50	9	1	
187	19.06.2019 09:35	195	4	37	41	0	25	51	9	1	
188	19.06.2019 10:35	205	4	43	39	0	25	51	9	1	
189	19.06.2019 11:35	170	3	27	41	0	25	51	9	1	
190	19.06.2019 12:35	160	2	30	34	0	25	51	9	1	
191	19.06.2019 13:35	122	3	22	27	0	25	51	9	1	
192	19.06.2019 14:35	95	1	21	17	0	25	51	9	1	
193	19.06.2019 15:35	92	3	22	15	0	25	51	9	1	
194	19.06.2019 16:35	91	2	24	13	0	25	50	9	1	
195	19.06.2019 17:35	89	1	16	20	0	25	50	9	1	
196	19.06.2019 18:35	124	1	36	14	0	25	50	9	1	
197	19.06.2019 19:35	119	3	23	25	0	25	50	9	1	
198	19.06.2019 20:35	104	1	23	19	0	25	50	9	1	
199	19.06.2019 21:35	124	6	25	25	0	25	50	9	1	
200	19.06.2019 22:35	150	0	36	24	0	25	51	9	1	
201	19.06.2019 23:35	152	1	30	31	0	25	51	9	1	
202	20.06.2019 00:35	132	1	26	27	0	25	51	9	1	
203	20.06.2019 01:35	175	3	40	30	0	25	51	9	1	
204	20.06.2019 02:35	111	3	18	26	0	25	52	9	1	
205	20.06.2019 03:35	179	6	42	29	0	25	52	9	1	
206	20.06.2019 04:35	130	1	25	27	0	25	51	9	1	
207	20.06.2019 05:35	137	0	26	29	0	25	51	9	1	
208	20.06.2019 06:35	95	3	17	21	0	25	51	9	1	
209	20.06.2019 07:35	127	2	22	29	0	25	51	9	1	
210	20.06.2019 08:35	137	3	37	18	0	25	51	9	1	
211	20.06.2019 09:35	187	1	43	32	0	25	51	9	1	
212	20.06.2019 10:35	172	2	30	39	0	25	51	9	1	
213	09.07.2019 13:17	86	2	34	9	0	23	35	9	1	
214	09.07.2019 14:17	79	6	19	20	0	23	36	9	1	
215	09.07.2019 15:17	51	3	5	20	0	23	37	9	1	
216	09.07.2019 16:17	33	0	9	7	0	23	38	9	1	
217	09.07.2019 17:17	29	0	9	5	0	23	38	9	1	
218	09.07.2019 18:17	18	2	3	6	0	23	38	9	1	
219	09.07.2019 19:17	29	0	10	4	0	23	39	9	1	
220	09.07.2019 20:17	46	0	11	11	0	23	40	9	1	
221	09.07.2019 21:17	49	2	17	6	0	23	40	9	1	
222	09.07.2019 22:17	66	1	14	17	0	23	41	9	1	
223	09.07.2019 23:17	83	5	14	24	0	23	42	9	1	
224	10.07.2019 00:17	91	1	25	18	0	22	42	9	1	
225	10.07.2019 01:17	90	8	18	24	0	22	43	9	1	
226	10.07.2019 02:17	107	4	28	22	0	22	43	9	1	
227	10.07.2019 03:17	116	2	28	26	0	22	43	9	1	
228	10.07.2019 04:17	108	3	20	30	0	22	44	9	1	
229	10.07.2019 05:17	106	3	24	25	0	22	44	9	1	
230	10.07.2019 06:17	141	3	28	37	0	22	44	9	1	
231	10.07.2019 07:17	138	3	30	33	0	22	45	9	1	
232	10.07.2019 08:17	81	2	18	19	0	22	45	9	1	
233	10.07.2019 09:17	74	2	16	18	0	22	45	9	1	
234	10.07.2019 10:17	60	1	9	19	1	22	44	9	1	
235	10.07.2019 11:17	39	1	8	10	0	22	44	9	1	
236	10.07.2019 12:17	32	1	5	9	0	25	43	9	1	
237	10.07.2019 13:17	26	2	6	6	0	23	42	9	1	
238	10.07.2019 14:17	25	1	8	4	0	23	41	9	1	
239	10.07.2019 15:17	30	0	8	6	0	23	41	9	1	
240	10.07.2019 16:17	21	0	3	7	1	23	41	9	1	
241	10.07.2019 17:17	14	2	3	4	0	23	40	9	1	
242	10.07.2019 18:17	21	1	5	5	0	23	39	9	1	
243	10.07.2019 19:17	20	1	6	4	0	22	40	9	1	
244	10.07.2019 20:17	37	0	13	5	0	22	41	9	1	
245	10.07.2019 21:17	38	0	10	8	0	22	42	9	1	
246	10.07.2019 22:17	49	2	15	8	0	22	43	9	1	
247	10.07.2019 23:17	53	2	9	16	0	22	43	9	1	
248	11.07.2019 00:17	60	0	14	14	0	22	44	9	1	
249	11.07.2019 01:17	69	3	13	19	0	22	44	9	1	
250	11.07.2019 02:17	89	2	30	11	0	22	44	9	1	
251	11.07.2019 03:17	126	4	28	30	0	22	44	9	1	
252	11.07.2019 04:17	127	5	36	22	0	22	45	9	1	
253	11.07.2019 05:17	114	4	20	32	0	22	45	9	1	
254	11.07.2019 06:17	133	5	35	26	0	22	45	9	1	
255	11.07.2019 07:17	124	4	28	28	0	22	46	9	1	
256	11.07.2019 08:17	125	2	29	27	0	22	47	9	1	
257	11.07.2019 09:17	110	2	18	31	0	22	48	9	1	
258	11.07.2019 10:17	71	1	13	18	0	23	47	9	1	
259	11.07.2019 11:17	63	2	12	16	0	23	46	9	1	
260	11.07.2019 12:17	59	2	14	12	0	23	47	9	1	
261	11.07.2019 13:17	41	1	8	10	1	23	47	9	1	
262	11.07.2019 14:17	54	2	13	11	0	23	46	9	1	
263	11.07.2019 15:17	11	0	2	3	0	23	45	9	1	
264	11.07.2019 16:17	47	0	7	14	0	23	45	9	1	
265	11.07.2019 17:17	20	1	6	3	1	23	45	9	1	
266	11.07.2019 18:17	38	2	11	6	0	23	45	9	1	
267	11.07.2019 19:17	31	0	8	6	0	23	46	9	1	
268	11.07.2019 20:17	59	1	15	11	0	23	46	9	1	
269	11.07.2019 21:17	54	2	15	9	1	23	46	9	1	
270	11.07.2019 22:17	48	1	12	9	0	23	47	9	1	
271	11.07.2019 23:17	85	0	20	17	0	23	48	9	1	
272	12.07.2019 00:17	78	1	15	19	0	23	48	9	1	
273	12.07.2019 01:17	97	2	24	18	0	23	48	9	1	
274	12.07.2019 02:17	132	2	26	31	0	23	48	9	1	
275	12.07.2019 03:17	99	4	24	20	0	22	48	9	1	
276	12.07.2019 04:17	108	6	27	21	0	22	48	9	1	
277	12.07.2019 05:17	148	2	33	32	0	22	49	9	1	
278	12.07.2019 06:17	125	2	27	28	0	22	49	9	1	
279	12.07.2019 07:17	203	5	47	39	0	23	50	9	1	
280	12.07.2019 08:17	138	5	23	35	0	23	51	9	1	
281	12.07.2019 09:17	62	6	6	21	0	22	51	9	1	
282	12.07.2019 10:17	76	5	15	17	0	23	51	9	1	
283	12.07.2019 11:17	55	1	13	10	0	23	52	9	1	
284	12.07.2019 12:17	31	4	7	6	0	23	53	9	1	
285	12.07.2019 13:17	38	0	9	7	0	23	53	9	1	
286	12.07.2019 14:17	25	1	8	2	0	25	55	9	1	
287	12.07.2019 15:17	48	0	11	8	0	24	56	9	1	
288	12.07.2019 16:17	47	0	12	7	0	23	56	9	1	
289	12.07.2019 17:17	34	0	5	9	0	23	56	9	1	
290	12.07.2019 18:17	20	0	2	6	0	23	57	9	1	
291	12.07.2019 19:17	62	1	17	8	0	23	57	9	1	
292	12.07.2019 20:17	42	1	6	11	0	23	57	9	1	
293	12.07.2019 21:17	35	4	11	3	0	23	57	9	1	
294	12.07.2019 22:17	55	2	12	10	0	23	57	9	1	
295	12.07.2019 23:17	52	0	14	7	0	23	56	9	1	
296	13.07.2019 00:17	94	2	22	16	0	23	56	9	1	
297	13.07.2019 01:17	99	3	16	25	1	22	56	9	1	
298	13.07.2019 02:17	89	2	15	22	0	22	56	9	1	
299	13.07.2019 03:17	55	1	11	12	0	22	56	9	1	
300	13.07.2019 04:17	77	3	21	11	0	22	56	9	1	
301	13.07.2019 05:17	96	6	20	20	0	22	56	9	1	
302	13.07.2019 06:17	94	1	23	16	0	22	56	9	1	
303	13.07.2019 07:17	144	0	29	29	0	23	56	9	1	
304	13.07.2019 08:17	114	1	29	18	0	22	57	9	1	
305	13.07.2019 09:17	114	1	25	22	0	22	57	9	1	
306	13.07.2019 10:17	131	1	22	32	0	22	57	9	1	
307	13.07.2019 11:17	98	1	15	25	0	22	58	9	1	
308	13.07.2019 12:17	85	0	17	16	1	24	59	9	1	
309	13.07.2019 13:17	68	0	10	16	0	24	61	9	1	
310	13.07.2019 14:17	90	2	19	16	0	23	62	9	1	
311	13.07.2019 15:17	49	0	8	11	0	23	62	9	1	
312	13.07.2019 16:17	43	1	6	11	0	23	61	9	1	
313	13.07.2019 17:17	40	0	11	5	0	22	61	9	1	
314	13.07.2019 18:17	34	2	6	8	0	22	60	9	1	
315	13.07.2019 19:17	44	0	11	7	0	22	60	9	1	
316	13.07.2019 20:17	57	2	15	8	0	22	60	9	1	
317	13.07.2019 21:17	52	0	10	11	0	22	59	9	1	
318	13.07.2019 22:17	54	2	15	7	0	22	60	9	1	
319	13.07.2019 23:17	84	1	16	18	0	22	60	9	1	
320	14.07.2019 00:17	89	2	22	14	0	22	60	9	1	
321	14.07.2019 01:17	124	2	22	28	0	22	60	9	1	
322	14.07.2019 02:17	92	3	21	16	0	22	60	9	1	
323	14.07.2019 03:17	116	0	23	24	0	22	59	9	1	
324	14.07.2019 04:17	136	2	30	25	0	22	59	9	1	
325	14.07.2019 05:17	126	4	24	27	0	22	59	9	1	
326	14.07.2019 06:17	143	3	27	31	0	22	59	9	1	
327	14.07.2019 07:17	134	4	29	25	0	22	60	9	1	
328	14.07.2019 08:17	169	6	32	36	0	22	60	9	1	
329	14.07.2019 09:17	84	2	13	21	0	22	60	9	1	
330	14.07.2019 10:17	82	2	15	18	0	22	60	9	1	
331	14.07.2019 11:17	74	1	12	18	0	22	60	9	1	
332	14.07.2019 12:17	55	2	10	12	0	22	61	9	1	
333	14.07.2019 13:17	42	0	6	11	0	22	61	9	1	
334	14.07.2019 14:17	35	0	9	5	0	22	61	9	1	
335	14.07.2019 15:17	46	1	13	5	0	23	61	9	1	
336	14.07.2019 16:17	42	0	3	14	0	22	61	9	1	
337	14.07.2019 17:17	35	0	7	7	0	22	61	9	1	
338	14.07.2019 18:17	37	0	11	4	0	22	61	9	1	
339	14.07.2019 19:17	44	1	10	7	0	24	61	9	1	
340	14.07.2019 20:17	72	2	13	15	0	23	62	9	1	
341	14.07.2019 21:17	45	1	9	9	0	22	62	9	1	
342	14.07.2019 22:17	60	2	16	8	0	22	62	9	1	
343	14.07.2019 23:17	50	1	13	7	0	22	62	9	1	
344	15.07.2019 00:17	70	3	13	15	0	22	62	9	1	
345	15.07.2019 01:17	58	2	12	11	0	22	62	9	1	
346	15.07.2019 02:17	113	0	23	22	0	22	62	9	1	
347	15.07.2019 03:17	111	2	23	21	0	22	62	9	1	
348	15.07.2019 04:17	129	5	25	26	0	22	62	9	1	
349	15.07.2019 05:17	146	3	27	31	0	22	62	9	1	
350	15.07.2019 06:17	96	3	24	14	0	22	62	9	1	
351	15.07.2019 07:17	131	0	32	20	0	22	62	9	1	
352	15.07.2019 08:17	134	3	23	30	0	22	62	9	1	
353	15.07.2019 09:17	118	2	28	19	0	22	62	9	1	
354	15.07.2019 10:17	121	1	22	26	0	22	62	9	1	
355	15.07.2019 11:17	90	3	14	21	0	23	61	9	1	
356	15.07.2019 12:17	58	0	7	15	0	24	62	9	1	
357	15.07.2019 13:17	38	1	9	6	0	23	61	9	1	
358	15.07.2019 14:17	32	0	8	5	0	22	61	9	1	
359	15.07.2019 15:17	37	1	10	5	0	22	60	9	1	
360	15.07.2019 16:17	32	2	8	5	0	22	59	9	1	
361	15.07.2019 17:17	41	0	8	9	0	22	58	9	1	
362	15.07.2019 18:17	27	0	2	9	0	22	58	9	1	
363	15.07.2019 19:17	41	2	11	6	0	22	58	9	1	
364	15.07.2019 20:17	71	2	18	11	0	22	59	9	1	
365	15.07.2019 21:17	47	4	11	8	0	22	59	9	1	
366	15.07.2019 22:17	89	1	18	18	0	22	60	9	1	
367	15.07.2019 23:17	92	2	22	15	0	22	60	9	1	
368	16.07.2019 00:17	84	2	19	15	0	22	60	9	1	
369	16.07.2019 01:17	102	4	19	22	0	22	60	9	1	
370	16.07.2019 02:17	117	1	25	22	1	22	60	9	1	
371	16.07.2019 03:17	107	4	25	18	0	22	60	9	1	
372	16.07.2019 04:17	134	3	27	27	1	22	60	9	1	
373	16.07.2019 05:17	162	1	30	35	1	22	60	9	1	
374	16.07.2019 06:17	187	1	46	29	0	22	60	9	1	
375	16.07.2019 07:17	144	2	43	15	0	22	60	9	1	
376	16.07.2019 08:17	152	3	22	39	0	22	60	9	1	
377	16.07.2019 09:17	137	5	26	29	0	22	60	9	1	
378	16.07.2019 10:17	127	3	27	24	0	22	60	9	1	
379	16.07.2019 11:17	135	2	27	26	0	23	60	9	1	
380	16.07.2019 12:17	95	1	13	22	0	25	63	9	1	
381	16.07.2019 13:17	65	0	14	11	0	23	63	9	1	
382	16.07.2019 14:17	56	1	11	11	0	23	61	9	1	
383	16.07.2019 15:17	43	1	8	9	0	23	59	9	1	
384	16.07.2019 16:17	37	2	9	6	0	23	58	9	1	
385	16.07.2019 17:17	32	2	6	7	0	23	57	9	1	
386	16.07.2019 18:17	32	1	4	9	1	23	56	9	1	
387	16.07.2019 19:17	24	2	8	2	0	23	56	9	1	
388	16.07.2019 20:17	29	0	8	4	0	23	56	9	1	
389	16.07.2019 21:17	70	2	16	13	0	22	56	9	1	
390	16.07.2019 22:17	70	2	17	12	0	22	57	9	1	
391	16.07.2019 23:17	61	2	15	10	0	22	57	9	1	
392	17.07.2019 00:17	85	3	20	15	0	22	57	9	1	
393	17.07.2019 01:17	82	4	17	17	0	22	57	9	1	
394	17.07.2019 02:17	118	1	29	19	1	22	58	9	1	
395	17.07.2019 03:17	103	3	25	17	0	22	58	9	1	
396	17.07.2019 04:17	95	2	21	18	0	22	58	9	1	
397	17.07.2019 05:17	150	2	38	23	0	22	58	9	1	
398	17.07.2019 06:17	154	3	33	30	0	22	58	9	1	
399	17.07.2019 07:17	167	3	29	39	0	22	58	9	1	
400	17.07.2019 08:17	130	0	26	27	0	22	58	9	1	
401	17.07.2019 09:17	88	2	14	22	0	22	58	9	1	
402	17.07.2019 10:17	36	2	7	8	0	22	57	9	1	
403	17.07.2019 11:17	46	0	8	10	0	24	58	9	1	
404	17.07.2019 12:17	23	0	5	4	0	24	57	9	1	
405	17.07.2019 13:17	22	1	6	3	0	23	57	9	1	
406	17.07.2019 14:17	34	1	8	6	0	23	56	9	1	
407	17.07.2019 15:17	22	0	6	3	0	23	56	9	1	
408	17.07.2019 16:17	19	1	5	3	0	23	55	9	1	
409	17.07.2019 17:17	31	1	6	7	0	22	55	9	1	
410	17.07.2019 18:17	24	2	2	8	0	23	55	9	1	
411	17.07.2019 19:17	27	0	5	6	0	23	55	9	1	
412	17.07.2019 20:17	29	0	8	4	0	23	54	9	1	
413	17.07.2019 21:17	35	0	7	8	0	22	54	9	1	
414	17.07.2019 22:17	39	2	11	5	0	23	55	9	1	
415	17.07.2019 23:17	52	1	13	9	0	22	55	9	1	
416	18.07.2019 00:17	53	1	12	10	0	22	56	9	1	
417	18.07.2019 01:17	60	2	10	15	0	22	56	9	1	
418	18.07.2019 02:17	72	1	14	16	0	22	56	9	1	
419	18.07.2019 03:17	79	3	20	13	0	22	56	9	1	
420	18.07.2019 04:17	82	4	19	15	0	22	56	9	1	
421	18.07.2019 05:17	106	3	18	26	0	22	56	9	1	
422	18.07.2019 06:17	102	3	24	18	0	22	57	9	1	
423	18.07.2019 07:17	122	4	21	29	0	22	57	9	1	
424	18.07.2019 08:17	121	3	25	25	0	22	56	9	1	
425	18.07.2019 09:17	94	2	12	27	0	22	56	9	1	
426	18.07.2019 10:17	27	4	4	7	0	23	55	9	1	
427	18.07.2019 11:17	19	0	4	4	0	23	55	9	1	
428	18.07.2019 12:17	34	1	12	2	0	23	54	9	1	
429	18.07.2019 13:17	22	2	6	3	0	24	53	9	1	
430	18.07.2019 14:17	22	0	4	5	0	24	52	9	1	
431	18.07.2019 15:17	14	0	3	3	0	24	51	9	1	
432	18.07.2019 16:17	26	0	5	6	0	23	51	9	1	
433	18.07.2019 17:17	21	0	6	3	0	23	50	9	1	
434	18.07.2019 18:17	9	0	2	2	0	23	49	9	1	
435	18.07.2019 19:17	16	0	3	4	0	23	50	9	1	
436	18.07.2019 20:17	14	1	3	3	0	23	50	9	1	
437	18.07.2019 21:17	45	0	12	7	0	23	51	9	1	
438	18.07.2019 22:17	72	2	19	11	0	23	52	9	1	
439	18.07.2019 23:17	79	2	20	13	0	23	52	9	1	
440	19.07.2019 00:17	84	6	20	15	0	23	53	9	1	
441	19.07.2019 01:17	70	3	15	14	0	23	53	9	1	
442	19.07.2019 02:17	105	4	23	20	0	23	54	9	1	
443	19.07.2019 03:17	117	2	23	25	0	23	54	9	1	
444	19.07.2019 04:17	146	6	37	23	0	23	54	9	1	
445	19.07.2019 05:17	132	0	30	24	0	23	54	9	1	
446	19.07.2019 06:17	162	6	35	31	0	23	55	9	1	
447	19.07.2019 07:17	155	2	31	32	0	23	55	9	1	
448	19.07.2019 08:17	140	2	26	31	0	23	55	9	1	
449	19.07.2019 09:17	118	4	30	18	0	23	55	9	1	
450	19.07.2019 10:17	91	4	17	20	0	23	55	9	1	
451	19.07.2019 11:17	118	0	22	22	0	27	55	9	1	
452	19.07.2019 12:17	50	1	9	10	0	26	55	9	1	
453	19.07.2019 13:17	67	0	13	13	0	25	55	9	1	
454	19.07.2019 14:17	50	1	9	11	0	24	54	9	1	
455	19.07.2019 15:17	40	0	6	10	0	24	56	9	1	
456	19.07.2019 16:17	35	2	10	4	0	24	57	9	1	
457	19.07.2019 17:17	23	0	6	3	0	24	58	9	1	
458	19.07.2019 18:17	28	0	7	4	0	24	58	9	1	
459	19.07.2019 19:17	38	2	10	5	0	24	59	9	1	
460	19.07.2019 20:17	23	0	5	4	0	24	59	9	1	
461	19.07.2019 21:17	34	0	9	4	0	24	60	9	1	
462	19.07.2019 22:17	57	0	13	9	0	24	61	9	1	
463	19.07.2019 23:17	73	3	21	7	0	24	61	9	1	
464	20.07.2019 00:17	73	1	13	15	0	24	61	9	1	
465	20.07.2019 01:17	84	2	19	14	0	23	61	9	1	
466	20.07.2019 02:17	97	1	18	20	0	23	61	9	1	
467	20.07.2019 03:17	177	4	29	40	0	23	61	9	1	
468	20.07.2019 04:17	164	1	39	25	0	23	61	9	1	
469	20.07.2019 05:17	172	3	38	29	0	23	61	9	1	
470	20.07.2019 06:17	144	3	26	30	0	23	61	9	1	
471	20.07.2019 07:17	146	0	36	21	0	23	61	9	1	
472	20.07.2019 08:17	129	4	26	24	0	23	62	9	1	
473	20.07.2019 09:17	115	0	20	25	0	23	61	9	1	
474	20.07.2019 10:17	126	2	23	26	0	23	61	9	1	
475	20.07.2019 11:17	70	1	12	14	0	25	62	9	1	
476	20.07.2019 12:17	59	0	8	14	0	25	62	9	1	
477	20.07.2019 13:17	53	2	10	10	0	25	61	9	1	
478	20.07.2019 14:17	36	2	7	6	0	27	60	9	1	
479	20.07.2019 15:17	32	0	6	6	0	26	59	9	1	
480	20.07.2019 16:17	24	0	4	5	0	26	57	9	1	
481	20.07.2019 17:17	31	2	6	6	0	26	56	9	1	
482	20.07.2019 18:17	23	1	6	3	0	25	55	9	1	
483	20.07.2019 19:17	36	1	10	4	0	25	55	9	1	
484	20.07.2019 20:17	33	1	5	8	0	25	55	9	1	
485	20.07.2019 21:17	41	0	12	4	0	25	55	9	1	
486	20.07.2019 22:17	40	2	7	9	0	24	56	9	1	
487	20.07.2019 23:17	48	0	13	6	0	24	56	9	1	
488	21.07.2019 00:17	92	2	21	15	0	24	57	9	1	
489	21.07.2019 01:17	79	1	17	14	0	24	57	9	1	
490	21.07.2019 02:17	79	1	22	9	0	24	57	9	1	
491	21.07.2019 03:17	116	2	19	25	0	25	58	9	1	
492	21.07.2019 04:17	126	4	25	23	0	25	58	9	1	
493	21.07.2019 05:17	169	2	32	32	0	25	58	9	1	
494	21.07.2019 06:17	145	5	28	27	0	25	58	9	1	
495	21.07.2019 07:17	202	4	33	43	0	25	59	9	1	
496	21.07.2019 08:17	183	2	34	35	0	25	59	9	1	
497	21.07.2019 09:17	109	1	18	23	0	25	59	9	1	
498	21.07.2019 10:17	82	2	15	16	0	25	60	9	1	
499	21.07.2019 11:17	115	4	29	14	0	25	60	9	1	
500	21.07.2019 12:17	94	1	17	18	0	25	61	9	1	
501	21.07.2019 13:17	94	4	18	16	0	26	63	9	1	
502	21.07.2019 14:17	52	3	5	14	0	26	63	9	1	
503	21.07.2019 15:17	54	2	12	8	0	25	62	9	1	
504	21.07.2019 16:17	46	3	9	8	0	25	62	9	1	
505	21.07.2019 17:17	43	1	10	6	0	25	62	9	1	
506	21.07.2019 18:17	46	3	12	5	0	25	62	9	1	
507	21.07.2019 19:17	32	0	8	4	0	25	62	9	1	
508	21.07.2019 20:17	46	0	8	9	0	25	63	9	1	
509	21.07.2019 21:17	46	0	10	7	0	25	63	9	1	
510	21.07.2019 22:17	51	0	11	8	0	25	63	9	1	
511	21.07.2019 23:17	76	2	15	13	0	25	63	9	1	
512	22.07.2019 00:17	114	2	21	21	0	25	63	9	1	
513	22.07.2019 01:17	117	0	23	20	0	25	63	9	1	
514	22.07.2019 02:17	109	3	18	23	0	24	63	9	1	
515	22.07.2019 03:17	106	3	22	18	0	24	63	9	1	
516	22.07.2019 04:17	162	2	30	31	0	24	63	9	1	
517	22.07.2019 05:17	152	6	31	26	0	24	63	9	1	
518	22.07.2019 06:17	149	0	26	30	0	24	63	9	1	
519	22.07.2019 07:17	133	2	25	25	0	24	63	9	1	
520	22.07.2019 08:17	114	0	14	29	0	24	62	9	1	
521	22.07.2019 09:17	61	1	12	11	0	24	62	9	1	
522	22.07.2019 10:17	63	1	9	15	0	24	62	9	1	
523	22.07.2019 11:17	36	0	7	6	0	26	62	9	1	
524	22.07.2019 12:17	31	2	6	5	0	27	64	9	1	
525	22.07.2019 13:17	22	1	8	0	0	26	63	9	1	
526	22.07.2019 14:17	21	0	4	4	0	26	60	9	1	
527	22.07.2019 15:17	13	0	1	4	0	26	57	9	1	
528	22.07.2019 16:17	13	3	3	2	0	26	56	9	1	
529	22.07.2019 17:17	21	2	6	2	0	26	54	9	1	
530	22.07.2019 18:17	15	1	6	0	0	25	54	9	1	
531	22.07.2019 19:17	28	0	7	4	0	25	54	9	1	
532	22.07.2019 20:17	43	2	13	4	0	25	55	9	1	
533	22.07.2019 21:17	59	0	13	10	0	25	55	9	1	
534	22.07.2019 22:17	66	0	15	11	0	24	56	9	1	
535	22.07.2019 23:17	68	1	19	8	1	24	56	9	1	
536	23.07.2019 00:17	92	1	13	23	0	24	57	9	1	
537	23.07.2019 01:17	92	1	21	15	0	24	57	9	1	
538	23.07.2019 02:17	113	4	22	21	0	25	58	9	1	
539	23.07.2019 03:17	106	0	24	16	0	25	59	9	1	
540	23.07.2019 04:17	122	0	26	21	0	24	59	9	1	
541	23.07.2019 05:17	114	3	20	24	0	24	59	9	1	
542	23.07.2019 06:17	162	5	30	32	0	24	60	9	1	
543	23.07.2019 07:17	140	4	32	22	0	24	59	9	1	
544	23.07.2019 08:17	119	0	19	27	0	24	59	9	1	
545	23.07.2019 09:17	58	2	9	13	0	25	58	9	1	
546	23.07.2019 10:17	44	0	5	12	0	25	58	9	1	
547	23.07.2019 11:17	28	0	5	5	0	28	61	9	1	
548	23.07.2019 12:17	28	0	3	7	0	27	61	9	1	
549	23.07.2019 13:17	41	1	9	6	0	27	59	9	1	
550	23.07.2019 14:17	13	0	2	3	0	27	56	9	1	
551	23.07.2019 15:17	13	0	0	5	0	27	54	9	1	
552	23.07.2019 16:17	13	0	1	4	0	27	52	9	1	
553	23.07.2019 17:17	10	1	2	2	1	28	51	9	1	
554	23.07.2019 18:17	15	0	4	2	0	28	50	9	1	
555	23.07.2019 19:17	31	0	8	4	0	27	51	9	1	
556	23.07.2019 20:17	33	2	9	4	0	26	52	9	1	
557	23.07.2019 21:17	54	1	14	7	0	26	52	9	1	
558	23.07.2019 22:17	52	1	12	8	0	26	53	9	1	
559	23.07.2019 23:17	60	0	11	12	0	26	54	9	1	
560	24.07.2019 00:17	91	1	20	15	0	26	54	9	1	
561	24.07.2019 01:17	121	3	24	22	0	26	55	9	1	
562	24.07.2019 02:17	79	1	16	14	0	26	55	9	1	
563	24.07.2019 03:17	92	2	21	14	0	26	55	9	1	
564	24.07.2019 04:17	154	1	36	22	0	26	56	9	1	
565	24.07.2019 05:17	154	3	27	31	0	26	56	9	1	
566	24.07.2019 06:17	114	1	18	25	0	26	56	9	1	
567	24.07.2019 07:17	186	7	35	35	0	26	56	9	1	
568	24.07.2019 08:17	103	3	15	24	0	26	56	9	1	
569	24.07.2019 09:17	85	0	12	20	0	26	56	9	1	
570	24.07.2019 10:17	66	1	14	11	0	26	56	9	1	
571	24.07.2019 11:17	67	5	14	11	0	27	55	9	1	
572	24.07.2019 12:17	50	1	8	11	0	27	54	9	1	
573	24.07.2019 13:17	60	1	9	13	0	28	55	9	1	
574	24.07.2019 14:17	19	0	1	6	0	28	53	9	1	
575	24.07.2019 15:17	32	0	10	2	0	28	51	9	1	
576	24.07.2019 16:17	20	0	1	7	1	28	48	9	1	
577	24.07.2019 17:17	2	1	0	1	0	28	47	9	1	
578	24.07.2019 18:17	25	1	7	3	0	28	45	9	1	
579	24.07.2019 19:17	7	1	3	0	0	28	44	9	1	
580	24.07.2019 20:17	12	1	1	4	0	28	45	9	1	
581	24.07.2019 21:17	22	0	7	2	0	27	45	9	1	
582	24.07.2019 22:17	45	1	11	7	0	27	47	9	1	
583	24.07.2019 23:17	51	1	10	10	0	27	48	9	1	
584	25.07.2019 00:17	74	2	18	11	0	27	49	9	1	
585	25.07.2019 01:17	98	1	23	15	0	27	49	9	1	
586	25.07.2019 02:17	91	3	16	19	0	27	50	9	1	
587	25.07.2019 03:17	110	0	23	19	0	27	51	9	1	
588	25.07.2019 04:17	99	2	19	19	0	27	51	9	1	
589	25.07.2019 05:17	131	2	28	22	0	27	51	9	1	
590	25.07.2019 06:17	150	7	29	28	0	27	52	9	1	
591	25.07.2019 07:17	155	4	29	30	0	27	52	9	1	
592	25.07.2019 08:17	104	2	16	24	0	27	51	9	1	
593	25.07.2019 09:17	60	1	8	15	0	27	51	9	1	
594	25.07.2019 10:17	65	1	15	10	0	27	51	9	1	
595	25.07.2019 11:17	88	1	14	18	0	29	53	9	1	
596	25.07.2019 12:17	54	1	11	9	0	28	52	9	1	
597	25.07.2019 13:17	48	2	9	9	0	28	52	9	1	
598	25.07.2019 14:17	65	1	12	12	0	29	50	9	1	
599	25.07.2019 15:17	47	0	9	9	0	29	46	9	1	
600	25.07.2019 16:17	18	1	2	5	0	29	44	9	1	
601	25.07.2019 17:17	20	0	4	4	0	29	41	9	1	
602	25.07.2019 18:17	4	0	1	1	0	29	40	9	1	
603	25.07.2019 19:17	14	0	4	2	0	28	40	9	1	
604	25.07.2019 20:17	19	3	6	2	0	28	41	9	1	
605	25.07.2019 21:17	51	1	13	8	0	28	42	9	1	
606	25.07.2019 22:17	55	2	12	10	0	28	43	9	1	
607	25.07.2019 23:17	94	2	23	14	0	28	45	9	1	
608	26.07.2019 00:17	97	1	22	16	0	28	46	9	1	
609	26.07.2019 01:17	84	2	16	17	0	28	46	9	1	
610	26.07.2019 02:17	96	1	13	24	0	28	48	9	1	
611	26.07.2019 03:17	86	3	20	13	0	28	48	9	1	
612	26.07.2019 04:17	126	2	27	21	0	28	49	9	1	
613	26.07.2019 05:17	108	3	25	16	0	28	49	9	1	
614	26.07.2019 06:17	167	2	32	31	0	28	50	9	1	
615	26.07.2019 07:17	113	2	17	26	0	28	49	9	1	
616	26.07.2019 08:17	79	1	13	18	0	27	48	9	1	
617	26.07.2019 09:17	81	0	15	16	1	28	48	9	1	
618	26.07.2019 10:17	47	0	10	8	0	28	50	9	1	
619	26.07.2019 11:17	53	0	12	8	0	29	49	9	1	
620	26.07.2019 12:17	38	0	9	5	0	30	49	9	1	
621	26.07.2019 13:17	23	0	5	4	0	29	47	9	1	
622	26.07.2019 14:17	20	0	5	3	0	29	44	9	1	
623	26.07.2019 15:17	39	0	8	7	0	30	43	9	1	
624	26.07.2019 16:17	10	0	2	2	0	29	42	9	1	
625	26.07.2019 17:17	10	1	3	1	0	30	43	9	1	
626	26.07.2019 18:17	10	1	2	2	0	30	42	9	1	
627	26.07.2019 19:17	7	0	3	0	0	29	42	9	1	
628	26.07.2019 20:17	30	1	8	4	0	29	41	9	1	
629	26.07.2019 21:17	7	0	1	2	0	29	42	9	1	
630	26.07.2019 22:17	40	0	9	7	0	29	42	9	1	
631	26.07.2019 23:17	37	0	11	4	0	28	43	9	1	
632	27.07.2019 00:17	58	1	10	13	0	28	44	9	1	
633	27.07.2019 01:17	68	0	16	11	0	28	45	9	1	
634	27.07.2019 02:17	63	2	12	13	0	28	45	9	1	
635	27.07.2019 03:17	100	1	23	16	0	28	46	9	1	
636	27.07.2019 04:17	101	3	19	20	0	28	47	9	1	
637	27.07.2019 05:17	119	2	26	20	0	28	47	9	1	
638	27.07.2019 06:17	125	1	27	21	0	28	48	9	1	
639	27.07.2019 07:17	138	2	32	21	0	28	48	9	1	
640	27.07.2019 08:17	93	1	18	18	0	28	47	9	1	
641	27.07.2019 09:17	67	1	5	21	0	28	47	9	1	
642	27.07.2019 10:17	41	0	6	10	0	28	46	9	1	
643	27.07.2019 11:17	18	0	5	2	0	28	46	9	1	
644	27.07.2019 12:17	33	0	10	3	0	28	47	9	1	
645	27.07.2019 13:17	31	0	6	6	0	28	47	9	1	
646	27.07.2019 14:17	23	0	3	6	0	28	47	9	1	
647	27.07.2019 15:17	23	2	4	5	0	28	47	9	1	
648	27.07.2019 16:17	18	1	6	1	0	28	47	9	1	
649	27.07.2019 17:17	33	1	8	5	0	28	47	9	1	
650	27.07.2019 18:17	41	1	11	5	0	28	48	9	1	
651	27.07.2019 19:17	50	0	10	9	0	28	49	9	1	
652	27.07.2019 20:17	45	3	14	3	0	28	50	9	1	
653	27.07.2019 21:17	42	0	6	10	0	28	51	9	1	
654	27.07.2019 22:17	29	0	4	7	0	28	52	9	1	
655	27.07.2019 23:17	40	0	11	4	0	28	52	9	1	
656	28.07.2019 00:17	35	0	7	6	0	28	52	9	1	
657	28.07.2019 01:17	81	3	17	13	0	28	53	9	1	
658	28.07.2019 02:17	87	1	16	16	0	28	53	9	1	
659	28.07.2019 03:17	92	1	15	19	0	28	53	9	1	
660	28.07.2019 04:17	109	1	23	18	0	27	53	9	1	
661	28.07.2019 05:17	133	1	27	23	0	27	53	9	1	
662	28.07.2019 06:17	134	3	30	20	0	27	54	9	1	
663	28.07.2019 07:17	156	1	29	28	0	28	54	9	1	
664	28.07.2019 08:17	85	1	16	16	0	27	54	9	1	
665	28.07.2019 09:17	75	4	4	24	0	27	54	9	1	
666	28.07.2019 10:17	16	1	5	1	0	27	54	9	1	
667	28.07.2019 11:17	40	2	9	6	0	27	55	9	1	
668	28.07.2019 12:17	70	1	17	8	0	29	55	9	1	
669	28.07.2019 13:17	57	0	5	16	0	28	55	9	1	
670	28.07.2019 14:17	29	1	5	6	0	27	55	9	1	
671	28.07.2019 15:17	33	1	8	4	0	29	54	9	1	
672	28.07.2019 16:17	24	0	7	2	0	28	54	9	1	
673	28.07.2019 17:17	35	1	8	5	0	28	54	9	1	
674	28.07.2019 18:17	24	0	7	2	0	27	54	9	1	
675	28.07.2019 19:17	75	3	18	10	0	27	54	9	1	
676	28.07.2019 20:17	43	0	9	7	0	27	55	9	1	
677	28.07.2019 21:17	62	0	13	10	0	27	55	9	1	
678	28.07.2019 22:17	70	1	16	10	0	27	55	9	1	
679	28.07.2019 23:17	38	2	8	6	0	27	56	9	1	
680	29.07.2019 00:17	73	1	17	10	0	27	56	9	1	
681	29.07.2019 01:17	78	0	16	13	0	27	56	9	1	
682	29.07.2019 02:17	136	3	24	26	0	27	56	9	1	
683	29.07.2019 03:17	163	0	27	33	0	27	56	9	1	
684	29.07.2019 04:17	141	3	34	18	0	27	56	9	1	
685	29.07.2019 05:17	152	3	23	33	0	27	56	9	1	
686	29.07.2019 06:17	141	5	22	30	0	27	56	9	1	
687	29.07.2019 07:17	147	4	25	29	0	27	57	9	1	
688	29.07.2019 08:17	186	4	33	35	0	27	57	9	1	
689	29.07.2019 09:17	168	1	29	32	0	27	58	9	1	
690	29.07.2019 10:17	121	2	16	28	0	27	58	9	1	
691	29.07.2019 11:17	82	1	8	20	0	30	60	9	1	
692	29.07.2019 12:17	29	2	5	5	0	30	60	9	1	
693	29.07.2019 13:17	37	0	9	4	1	29	60	9	1	
694	29.07.2019 14:17	53	2	13	6	0	28	59	9	1	
695	29.07.2019 15:17	33	0	6	6	0	28	58	9	1	
696	29.07.2019 16:17	25	0	3	6	0	28	57	9	1	
697	29.07.2019 17:17	27	0	4	6	0	28	56	9	1	
698	29.07.2019 18:17	19	0	5	2	0	28	56	9	1	
699	29.07.2019 19:17	19	1	5	2	0	27	56	9	1	
700	29.07.2019 20:17	52	1	10	9	0	27	57	9	1	
701	29.07.2019 21:17	38	1	8	6	0	27	57	9	1	
702	29.07.2019 22:17	44	1	8	8	0	27	58	9	1	
703	29.07.2019 23:17	74	1	18	9	0	27	58	9	1	
704	30.07.2019 00:17	79	1	19	10	0	27	58	9	1	
705	30.07.2019 01:17	93	0	10	24	0	27	58	9	1	
706	30.07.2019 02:17	74	3	16	11	0	27	58	9	1	
707	30.07.2019 03:17	110	4	21	19	0	27	58	9	1	
708	30.07.2019 04:17	126	4	24	22	0	27	58	9	1	
709	30.07.2019 05:17	107	3	20	19	0	27	58	9	1	
710	30.07.2019 06:17	132	1	23	25	0	27	58	9	1	
711	30.07.2019 07:17	116	4	19	23	0	27	59	9	1	
712	30.07.2019 08:17	80	1	17	12	0	27	59	9	1	
713	30.07.2019 09:17	49	1	9	9	0	27	59	9	1	
714	30.07.2019 10:17	57	3	5	15	0	28	61	9	1	
715	30.07.2019 11:17	25	0	7	2	0	28	61	9	1	