záznam	cas	radon[Bq/m3]	sum1	sum2	sum3	sum4	Teplota[°C]	Vlhkost[%]	HV	algorithm
2101	09.03.2018 17:08	848	20	169	168	0	25	24	9	1
2100	09.03.2018 18:08	854	23	178	170	0	24	24	9	1
2099	09.03.2018 19:08	766	22	166	146	0	24	24	9	1
2098	09.03.2018 20:08	788	30	182	139	0	24	24	9	1
2097	09.03.2018 21:08	700	22	145	140	0	24	24	9	1
2096	09.03.2018 22:08	791	19	175	147	0	24	24	9	1
2095	09.03.2018 23:08	786	31	152	168	0	24	24	9	1
2094	10.03.2018 00:08	838	25	163	187	0	23	24	9	1
2093	10.03.2018 01:08	718	25	139	161	0	23	24	9	1
2092	10.03.2018 02:08	795	26	157	169	0	23	25	9	1
2091	10.03.2018 03:08	826	17	143	196	0	23	25	9	1
2090	10.03.2018 04:08	746	20	163	143	0	23	25	9	1
2089	10.03.2018 05:08	787	21	148	175	0	23	25	9	1
2088	10.03.2018 06:08	822	20	159	178	0	23	25	9	1
2087	10.03.2018 07:08	756	24	150	160	0	23	25	9	1
2086	10.03.2018 08:08	792	23	160	165	0	23	25	9	1
2085	10.03.2018 09:08	743	22	147	158	0	23	25	9	1
2084	10.03.2018 10:08	833	23	169	167	0	23	26	9	1
2083	10.03.2018 11:08	806	19	143	182	0	23	26	9	1
2082	10.03.2018 12:08	883	21	184	163	0	24	26	9	1
2081	10.03.2018 13:08	921	16	171	191	0	24	26	9	1
2080	10.03.2018 14:08	807	13	160	163	0	24	25	9	1
2079	10.03.2018 15:08	851	15	140	192	0	25	25	9	1
2078	10.03.2018 16:08	756	16	142	153	0	25	25	9	1
2077	10.03.2018 17:08	918	22	186	172	0	25	25	9	1
2076	10.03.2018 18:08	865	19	174	172	0	24	25	9	1
2075	10.03.2018 19:08	852	18	193	148	0	24	25	9	1
2074	10.03.2018 20:08	830	20	149	183	0	24	25	9	1
2073	10.03.2018 21:08	842	21	158	179	0	24	25	9	1
2072	10.03.2018 22:08	790	11	166	150	0	24	25	9	1
2071	10.03.2018 23:08	852	14	164	171	0	24	26	9	1
2070	11.03.2018 00:08	771	14	149	162	0	23	26	9	1
2069	11.03.2018 01:08	746	20	152	149	0	23	26	9	1
2068	11.03.2018 02:08	756	16	149	156	0	23	26	9	1
2067	11.03.2018 03:08	794	15	157	163	0	23	26	9	1
2066	11.03.2018 04:08	801	15	173	150	0	23	26	9	1
2065	11.03.2018 05:08	769	20	151	159	0	23	26	9	1
2064	11.03.2018 06:08	826	27	172	161	0	23	26	9	1
2063	11.03.2018 07:08	826	12	154	179	0	23	26	9	1
2062	11.03.2018 08:08	784	12	150	161	0	23	27	9	1
2061	11.03.2018 09:08	860	12	174	167	0	23	27	9	1
2060	11.03.2018 10:08	852	7	152	186	0	23	27	9	1
2059	11.03.2018 11:08	841	18	144	181	0	24	27	9	1
2058	11.03.2018 12:08	788	15	139	158	0	25	27	9	1
2057	11.03.2018 13:08	827	17	158	151	0	26	26	9	1
2056	11.03.2018 14:08	804	17	157	149	0	26	25	9	1
2055	11.03.2018 15:08	852	11	162	162	0	26	25	9	1
2054	11.03.2018 16:08	756	16	157	136	0	26	24	9	1
2053	11.03.2018 17:08	834	25	153	170	0	26	24	9	1
2052	11.03.2018 18:08	856	17	165	175	0	25	24	9	1
2051	11.03.2018 19:08	797	10	158	153	0	25	25	9	1
2050	11.03.2018 20:08	843	12	162	167	0	25	25	9	1
2049	11.03.2018 21:08	855	15	172	170	0	24	25	9	1
2048	11.03.2018 22:08	775	16	137	173	0	24	25	9	1
2047	11.03.2018 23:08	780	9	155	157	0	24	25	9	1
2046	12.03.2018 00:08	825	7	155	175	0	24	25	9	1
2045	12.03.2018 01:08	906	11	156	200	0	24	26	9	1
2044	12.03.2018 02:08	865	14	160	180	0	24	26	9	1
2043	12.03.2018 03:08	834	12	167	161	0	24	26	9	1
2042	12.03.2018 04:08	878	16	151	194	1	24	26	9	1
2041	12.03.2018 05:08	871	16	168	183	0	23	26	9	1
2040	12.03.2018 06:08	742	12	145	154	0	23	26	9	1
2039	12.03.2018 07:08	828	9	163	157	0	24	27	9	1
2038	12.03.2018 08:08	851	14	150	179	0	24	27	9	1
2037	12.03.2018 09:08	797	6	150	153	0	24	28	9	1
2036	12.03.2018 10:08	791	10	154	147	0	24	28	9	1
2035	12.03.2018 11:08	799	8	145	154	0	24	29	9	1
2034	12.03.2018 12:08	497	3	53	133	0	24	29	9	1
2033	12.03.2018 13:08	267	3	22	78	0	24	29	9	1
2032	12.03.2018 14:08	148	3	20	34	0	25	29	9	1
2031	12.03.2018 15:08	103	2	16	21	0	25	30	9	1
2030	12.03.2018 16:08	89	1	12	20	0	25	30	9	1
2029	12.03.2018 17:08	121	0	23	21	0	24	31	9	1
2028	12.03.2018 18:08	77	1	14	14	0	24	31	9	1
2027	12.03.2018 19:08	95	1	15	19	0	24	32	9	1
2026	12.03.2018 20:08	86	1	16	15	0	24	32	9	1
2025	12.03.2018 21:08	103	1	21	17	0	23	32	9	1
2024	12.03.2018 22:08	103	2	21	17	0	23	32	9	1
2023	12.03.2018 23:08	100	1	15	22	0	23	32	9	1
2022	13.03.2018 00:08	68	1	11	14	0	23	32	9	1
2021	13.03.2018 01:08	69	1	18	8	0	23	31	9	1
2020	13.03.2018 02:08	64	2	10	14	0	23	31	9	1
2019	13.03.2018 03:08	67	0	12	13	0	23	31	9	1
2018	13.03.2018 04:08	67	0	16	9	0	23	31	9	1
2017	13.03.2018 05:08	75	3	15	14	0	22	31	9	1
2016	13.03.2018 06:08	57	1	13	9	0	22	31	9	1
2015	13.03.2018 07:08	42	0	6	10	0	23	31	9	1
2014	13.03.2018 08:08	64	2	13	11	0	23	31	9	1
1192	23.05.2019 13:27	4779	246	1793	488	0	16	49	9	1
1191	23.05.2019 14:27	5201	199	1197	1331	0	15	50	9	1
1190	23.05.2019 15:27	4390	205	926	1189	1	15	51	9	1
1189	23.05.2019 16:27	3912	127	843	1025	0	15	52	9	1
1188	23.05.2019 17:27	3193	114	673	852	0	15	52	9	1
1187	23.05.2019 18:27	2571	132	553	664	0	15	53	9	1
1186	23.05.2019 19:27	2292	82	477	608	0	15	53	9	1
1185	23.05.2019 20:27	2051	96	438	533	0	15	53	9	1
1184	23.05.2019 21:27	2060	73	450	517	0	15	54	9	1
1183	23.05.2019 22:27	1811	73	360	490	0	15	54	9	1
1182	23.05.2019 23:27	1583	75	328	415	0	15	54	9	1
1181	24.05.2019 00:27	1255	53	270	336	0	14	54	9	1
1180	24.05.2019 01:27	1032	46	215	279	0	14	55	9	1
1179	24.05.2019 02:27	980	48	213	256	0	14	55	9	1
1178	24.05.2019 03:27	873	37	190	228	0	14	55	9	1
1177	24.05.2019 04:27	879	23	183	238	0	14	55	9	1
1176	24.05.2019 05:27	760	38	179	185	0	14	55	9	1
1175	24.05.2019 06:27	750	29	164	195	0	14	55	9	1
1174	24.05.2019 07:27	796	27	189	192	0	14	55	9	1
1173	24.05.2019 08:27	750	42	182	177	0	14	55	9	1
1172	24.05.2019 09:27	610	29	131	161	0	14	55	9	1
1171	24.05.2019 10:27	642	28	144	155	0	15	55	9	1
1170	24.05.2019 11:27	786	32	197	169	0	15	55	9	1
1169	24.05.2019 12:27	831	35	176	211	0	15	55	9	1
1168	24.05.2019 13:27	958	37	225	221	0	15	55	9	1
1167	24.05.2019 14:27	934	34	227	208	0	15	55	9	1
1166	24.05.2019 15:27	951	47	222	221	0	15	55	9	1
1165	24.05.2019 16:27	1061	39	235	259	0	15	55	9	1
1164	24.05.2019 17:27	904	32	195	226	0	15	55	9	1
1163	24.05.2019 18:27	775	28	152	209	0	15	55	9	1
1162	24.05.2019 19:27	758	31	181	172	0	15	55	9	1
1161	24.05.2019 20:27	767	20	171	186	0	15	55	9	1
1160	24.05.2019 21:27	721	32	167	169	0	15	55	9	1
1159	24.05.2019 22:27	931	39	238	192	0	15	56	9	1
1158	24.05.2019 23:27	894	47	198	215	0	15	56	9	1
1157	25.05.2019 00:27	970	29	240	208	0	15	56	9	1
1156	25.05.2019 01:27	987	49	242	214	0	15	56	9	1
1155	25.05.2019 02:27	957	46	201	241	0	15	56	9	1
1154	25.05.2019 03:27	935	33	201	231	0	15	56	9	1
1153	25.05.2019 04:27	855	45	177	218	0	15	56	9	1
1152	25.05.2019 05:27	823	41	183	197	0	15	56	9	1
1151	25.05.2019 06:27	808	40	173	200	0	15	56	9	1
1150	25.05.2019 07:27	816	33	189	188	0	15	56	9	1
1149	25.05.2019 08:27	974	33	226	224	0	15	56	9	1
1148	25.05.2019 09:27	972	42	207	242	0	15	56	9	1
1147	25.05.2019 10:27	888	36	197	213	0	15	56	9	1
1146	25.05.2019 11:27	948	27	199	239	0	15	56	9	1
1145	25.05.2019 12:27	922	41	190	236	0	15	56	9	1
1144	25.05.2019 13:27	892	47	210	202	0	15	56	9	1
1143	25.05.2019 14:27	828	37	169	206	0	16	55	9	1
1142	25.05.2019 15:27	561	20	79	175	0	16	55	9	1
1141	25.05.2019 16:27	276	18	45	80	0	16	55	9	1
1140	25.05.2019 17:27	218	3	27	70	0	17	54	9	1
1139	25.05.2019 18:27	101	2	17	29	0	16	55	9	1
1138	25.05.2019 19:27	84	3	19	19	0	16	56	9	1
1137	25.05.2019 20:27	140	11	38	25	0	16	56	9	1
1136	25.05.2019 21:27	323	7	97	47	0	16	57	9	1
1135	25.05.2019 22:27	494	18	121	99	0	16	57	9	1
1134	25.05.2019 23:27	513	8	123	104	0	16	58	9	1
1133	26.05.2019 00:27	451	13	93	112	0	15	58	9	1
1132	26.05.2019 01:27	321	7	56	89	0	15	59	9	1
1131	26.05.2019 02:27	288	4	63	67	0	15	59	9	1
1130	26.05.2019 03:27	255	7	52	63	0	15	59	9	1
1129	26.05.2019 04:27	224	8	41	60	0	15	59	9	1
1128	26.05.2019 05:27	208	4	48	46	0	15	59	9	1
1127	26.05.2019 06:27	176	3	33	46	0	15	60	9	1
1126	26.05.2019 07:27	252	4	63	50	0	15	60	9	1
1125	26.05.2019 08:27	326	8	82	63	0	15	61	9	1
1124	26.05.2019 09:27	419	15	103	83	0	15	61	9	1
1123	26.05.2019 10:27	489	19	115	104	0	15	60	9	1
1122	26.05.2019 11:27	636	17	154	123	0	16	60	9	1
1121	26.05.2019 12:27	593	15	125	133	0	16	60	9	1
1120	26.05.2019 13:27	567	21	120	127	0	16	60	9	1
1119	26.05.2019 14:27	632	14	141	134	0	16	60	9	1
1118	26.05.2019 15:27	620	16	121	149	0	16	60	9	1
1117	26.05.2019 16:27	512	15	90	133	1	16	60	9	1
1116	26.05.2019 17:27	577	13	130	121	0	16	60	9	1
1115	26.05.2019 18:27	561	11	134	110	0	16	60	9	1
1114	26.05.2019 19:27	528	8	90	140	0	16	60	9	1
1113	26.05.2019 20:27	512	12	112	111	0	16	60	9	1
1112	26.05.2019 21:27	535	14	92	141	0	16	60	9	1
1111	26.05.2019 22:27	600	18	144	117	0	16	60	9	1
1110	26.05.2019 23:27	662	17	155	133	0	16	60	9	1
1109	27.05.2019 00:27	595	12	134	125	0	16	60	9	1
1108	27.05.2019 01:27	659	13	136	151	0	16	60	9	1
1107	27.05.2019 02:27	689	5	153	147	0	16	60	9	1
1106	27.05.2019 03:27	715	12	148	163	0	16	60	9	1
1105	27.05.2019 04:27	678	18	146	147	0	16	61	9	1
1104	27.05.2019 05:27	708	12	147	159	0	16	61	9	1
1103	27.05.2019 06:27	572	9	103	144	0	16	61	9	1
1102	27.05.2019 07:27	569	15	117	129	0	16	61	9	1
1101	27.05.2019 08:27	646	9	146	133	0	16	61	9	1
1100	27.05.2019 09:27	701	12	152	151	0	16	61	9	1
1099	27.05.2019 10:27	683	12	149	146	0	16	61	9	1
1098	27.05.2019 11:27	637	19	134	141	0	16	61	9	1
1097	27.05.2019 12:27	637	7	130	145	0	16	61	9	1
1096	27.05.2019 13:27	572	7	106	141	0	16	61	9	1
1095	27.05.2019 14:27	558	11	117	124	0	16	61	9	1
1094	27.05.2019 15:27	502	11	97	120	0	16	61	9	1
1093	27.05.2019 16:27	486	9	103	107	0	16	61	9	1
1092	27.05.2019 17:27	606	15	133	129	0	16	61	9	1
1091	27.05.2019 18:27	732	10	159	157	0	16	61	9	1
1090	27.05.2019 19:27	748	11	167	156	0	16	61	9	1
1089	27.05.2019 20:27	873	11	198	179	0	16	61	9	1
1088	27.05.2019 21:27	928	16	195	203	0	16	62	9	1
1087	27.05.2019 22:27	949	22	188	219	0	16	62	9	1
1086	27.05.2019 23:27	805	14	141	204	0	16	62	9	1
1085	28.05.2019 00:27	802	11	167	177	0	16	62	9	1
1084	28.05.2019 01:27	784	14	169	167	0	16	62	9	1
1083	28.05.2019 02:27	869	17	193	177	0	16	63	9	1
1082	28.05.2019 03:27	804	17	161	181	0	16	63	9	1
1081	28.05.2019 04:27	804	18	158	184	0	16	63	9	1
1080	28.05.2019 05:27	825	12	169	182	0	16	63	9	1
1079	28.05.2019 06:27	909	15	172	215	0	16	63	9	1
1078	28.05.2019 07:27	824	15	170	178	0	16	64	9	1
1077	28.05.2019 08:27	686	11	110	178	0	16	65	9	1
1076	28.05.2019 09:27	517	3	74	143	0	16	65	9	1
1075	28.05.2019 10:27	333	4	54	85	0	16	66	9	1
1074	28.05.2019 11:27	319	4	52	81	0	16	66	9	1
1073	28.05.2019 12:27	357	5	64	85	0	16	66	9	1
1072	28.05.2019 13:27	381	5	99	60	0	16	66	9	1
1071	28.05.2019 14:27	511	10	107	106	0	16	66	9	1
1070	28.05.2019 15:27	394	9	67	96	0	16	67	9	1
1069	28.05.2019 16:27	336	0	60	79	0	16	67	9	1
1068	28.05.2019 17:27	278	2	48	67	0	16	67	9	1
1067	28.05.2019 18:27	230	4	50	48	0	15	67	9	1
1066	28.05.2019 19:27	167	2	30	41	0	15	67	9	1
1065	28.05.2019 20:27	143	2	26	35	0	15	67	9	1
1064	28.05.2019 21:27	165	2	39	32	0	15	66	9	1
1063	28.05.2019 22:27	128	0	28	27	0	15	66	9	1
1062	28.05.2019 23:27	95	1	19	22	0	15	66	9	1
1061	29.05.2019 00:27	115	0	29	22	0	14	66	9	1
1060	29.05.2019 01:27	134	1	30	29	0	14	66	9	1
1059	29.05.2019 02:27	84	2	17	20	0	14	66	9	1
1058	29.05.2019 03:27	118	3	24	28	0	14	67	9	1
1057	29.05.2019 04:27	114	0	22	28	0	14	67	9	1
1056	29.05.2019 05:27	121	0	26	27	0	14	67	9	1
1055	29.05.2019 06:27	112	1	26	23	0	14	67	9	1
1054	29.05.2019 07:27	93	2	19	22	0	14	67	9	1
1053	29.05.2019 08:27	89	2	17	22	0	14	67	9	1
1052	29.05.2019 09:27	57	1	9	16	0	14	67	9	1
1051	29.05.2019 10:27	82	3	16	20	0	14	67	9	1
1050	29.05.2019 11:27	57	2	12	14	0	13	67	9	1
1049	29.05.2019 12:27	86	3	24	15	0	13	67	9	1
1048	29.05.2019 13:27	93	4	18	24	0	13	67	9	1
1047	29.05.2019 14:27	77	2	14	21	0	13	66	9	1
1046	29.05.2019 15:27	79	3	21	15	0	13	66	9	1
1045	29.05.2019 16:27	72	1	17	16	0	13	65	9	1
1044	29.05.2019 17:27	85	2	18	21	0	13	65	9	1
1043	29.05.2019 18:27	87	1	18	22	0	13	65	9	1
1042	29.05.2019 19:27	107	2	29	20	0	13	65	9	1
1041	29.05.2019 20:27	97	1	22	23	0	13	64	9	1
1040	29.05.2019 21:27	106	4	23	26	0	13	64	9	1
1039	29.05.2019 22:27	152	5	36	34	0	13	64	9	1
1038	29.05.2019 23:27	119	5	25	30	0	13	64	9	1
1037	30.05.2019 00:27	111	4	28	23	0	13	64	9	1
1036	30.05.2019 01:27	123	3	24	33	0	13	63	9	1
1035	30.05.2019 02:27	138	0	34	30	0	13	63	9	1
1034	30.05.2019 03:27	142	0	33	33	0	13	63	9	1
1033	30.05.2019 04:27	113	1	24	29	0	13	62	9	1
1032	30.05.2019 05:27	113	3	21	32	0	13	62	9	1
1031	30.05.2019 06:27	110	3	25	27	0	13	61	9	1
1030	30.05.2019 07:27	119	1	24	32	0	13	61	9	1
1029	30.05.2019 08:27	68	1	8	24	0	13	61	9	1
1028	30.05.2019 09:27	107	1	29	22	0	13	60	9	1
1027	30.05.2019 10:27	107	4	28	23	0	13	60	9	1
1026	30.05.2019 11:27	124	1	35	24	0	13	60	9	1
1025	30.05.2019 12:27	134	2	28	36	0	13	59	9	1
1024	30.05.2019 13:27	174	2	46	37	0	13	59	9	1
1023	30.05.2019 14:27	209	2	62	36	0	14	58	9	1
1022	30.05.2019 15:27	336	6	83	74	0	14	58	9	1
1021	30.05.2019 16:27	374	6	102	73	0	14	58	9	1
1020	30.05.2019 17:27	432	11	103	99	0	14	58	9	1
1019	30.05.2019 18:27	458	10	117	97	0	14	58	9	1
1018	30.05.2019 19:27	522	9	134	110	0	14	58	9	1
1017	30.05.2019 20:27	678	12	178	139	0	14	58	9	1
1016	30.05.2019 21:27	631	7	123	172	0	14	58	9	1
1015	30.05.2019 22:27	366	4	68	103	0	14	58	9	1
1014	30.05.2019 23:27	323	4	49	102	0	14	58	9	1
1013	31.05.2019 00:27	189	9	38	53	0	13	58	9	1
1012	31.05.2019 01:27	133	3	36	28	0	13	58	9	1
1011	31.05.2019 02:27	142	2	27	42	0	13	57	9	1
1010	31.05.2019 03:27	109	3	21	32	0	13	57	9	1
1009	31.05.2019 04:27	84	5	17	24	0	13	57	9	1
1008	31.05.2019 05:27	82	0	23	17	0	13	57	9	1
1007	31.05.2019 06:27	136	4	33	33	0	13	57	9	1
1006	31.05.2019 07:27	147	3	38	33	0	13	58	9	1
1005	31.05.2019 08:27	183	4	52	36	0	13	58	9	1
1004	31.05.2019 09:27	216	7	50	51	0	14	58	9	1
1003	31.05.2019 10:27	225	4	48	58	0	14	57	9	1
1002	31.05.2019 11:27	257	6	59	62	0	14	57	9	1
1001	31.05.2019 12:27	346	5	90	73	0	14	57	9	1
1000	31.05.2019 13:27	378	9	102	76	0	14	57	9	1
999	31.05.2019 14:27	503	6	118	119	0	14	57	9	1
998	31.05.2019 15:27	507	8	116	121	0	14	58	9	1
997	31.05.2019 16:27	518	11	106	136	0	14	58	9	1
996	31.05.2019 17:27	569	9	134	132	0	14	58	9	1
995	31.05.2019 18:27	595	6	142	134	0	14	59	9	1
994	31.05.2019 19:27	658	18	145	160	0	14	59	9	1
993	31.05.2019 20:27	616	10	125	153	0	15	59	9	1
992	31.05.2019 21:27	630	8	128	154	0	15	60	9	1
991	31.05.2019 22:27	545	11	110	134	0	15	60	9	1
990	31.05.2019 23:27	679	8	177	127	0	15	60	9	1
989	01.06.2019 00:27	843	15	188	189	0	15	60	9	1
988	01.06.2019 01:27	950	16	184	238	0	15	61	9	1
987	01.06.2019 02:27	799	11	173	192	0	14	61	9	1
986	01.06.2019 03:27	799	21	160	205	0	14	61	9	1
985	01.06.2019 04:27	624	12	122	161	0	14	62	9	1
984	01.06.2019 05:27	620	11	133	148	0	14	62	9	1
983	01.06.2019 06:27	626	12	128	148	0	15	62	9	1
982	01.06.2019 07:27	487	13	118	95	0	15	63	9	1
981	01.06.2019 08:27	683	5	149	150	0	15	63	9	1
980	01.06.2019 09:27	738	11	158	165	0	15	63	9	1
979	01.06.2019 10:27	708	11	140	170	0	15	63	9	1
978	01.06.2019 11:27	756	15	157	174	0	15	63	9	1
977	01.06.2019 12:27	722	4	137	168	0	16	64	9	1
976	01.06.2019 13:27	335	6	19	116	0	18	63	9	1
975	01.06.2019 14:27	128	2	8	44	0	18	62	9	1
974	01.06.2019 15:27	76	1	10	21	0	18	62	9	1
973	01.06.2019 16:27	29	2	6	6	0	18	61	9	1
972	01.06.2019 17:27	14	0	2	4	0	19	60	9	1
971	01.06.2019 18:27	17	1	2	5	0	19	59	9	1
970	01.06.2019 19:27	12	0	3	2	1	18	60	9	1
969	01.06.2019 20:27	19	0	6	2	0	18	61	9	1
968	01.06.2019 21:27	83	0	23	11	0	18	61	9	1
967	01.06.2019 22:27	123	1	33	17	0	18	62	9	1
966	01.06.2019 23:27	211	2	55	33	0	17	62	9	1
965	02.06.2019 00:27	371	7	98	57	0	17	62	9	1
964	02.06.2019 01:27	477	9	106	93	0	17	62	9	1
963	02.06.2019 02:27	544	5	106	121	0	17	62	9	1
962	02.06.2019 03:27	453	12	86	103	0	17	62	9	1
961	02.06.2019 04:27	458	10	94	97	0	17	62	9	1
960	02.06.2019 05:27	450	8	75	113	0	17	62	9	1
959	02.06.2019 06:27	450	11	86	102	0	17	62	9	1
958	02.06.2019 07:27	393	8	79	85	0	17	62	9	1
957	02.06.2019 08:27	475	9	103	90	0	18	62	9	1
956	02.06.2019 09:27	425	9	95	73	0	19	62	9	1
955	02.06.2019 10:27	324	5	39	87	0	20	61	9	1
954	02.06.2019 11:27	123	3	8	40	0	20	61	9	1
953	02.06.2019 12:27	67	3	11	15	0	20	61	9	1
952	02.06.2019 13:27	66	0	10	16	0	20	60	9	1
951	02.06.2019 14:27	55	0	8	14	0	20	59	9	1
950	02.06.2019 15:27	66	0	17	9	0	21	57	9	1
949	02.06.2019 16:27	282	4	84	29	0	20	57	9	1
948	02.06.2019 17:27	416	7	94	71	1	20	58	9	1
947	02.06.2019 18:27	539	5	113	101	0	20	58	9	1
946	02.06.2019 19:27	542	9	113	102	0	20	58	9	1
945	02.06.2019 20:27	561	8	93	128	0	20	59	9	1
944	02.06.2019 21:27	759	4	158	141	0	20	59	9	1
943	02.06.2019 22:27	922	21	186	177	0	20	59	9	1
942	02.06.2019 23:27	963	19	197	182	0	20	59	9	1
941	03.06.2019 00:27	942	16	178	193	0	20	59	9	1
940	03.06.2019 01:27	1085	12	226	201	0	20	59	9	1
939	03.06.2019 02:27	1036	15	171	237	0	20	59	9	1
938	03.06.2019 03:27	831	13	163	173	0	19	59	9	1
937	03.06.2019 04:27	826	17	147	187	0	19	59	9	1
936	03.06.2019 05:27	749	16	142	161	0	19	59	9	1
935	03.06.2019 06:27	772	15	153	159	0	19	59	9	1
934	03.06.2019 07:27	844	17	167	174	0	19	59	9	1
933	03.06.2019 08:27	792	11	150	162	0	20	59	9	1
932	03.06.2019 09:27	777	9	146	160	0	20	59	9	1
931	03.06.2019 10:27	703	16	114	163	0	20	59	9	1
930	03.06.2019 11:27	647	10	134	121	0	20	59	9	1
929	03.06.2019 12:27	683	18	130	139	0	20	59	9	1
928	03.06.2019 13:27	708	15	152	127	0	20	59	9	1
927	03.06.2019 14:27	757	16	135	163	0	20	59	9	1
926	03.06.2019 15:27	736	12	145	145	0	20	59	9	1
925	03.06.2019 16:27	838	16	156	174	0	20	59	9	1
924	03.06.2019 17:27	778	12	133	171	0	20	60	9	1
923	03.06.2019 18:27	793	8	161	149	0	20	60	9	1
922	03.06.2019 19:27	832	9	138	187	0	20	60	9	1
921	03.06.2019 20:27	778	6	153	151	0	20	60	9	1
920	03.06.2019 21:27	855	11	158	176	1	20	60	9	1
919	03.06.2019 22:27	977	13	203	179	0	20	60	9	1
918	03.06.2019 23:27	1111	13	241	193	0	20	60	9	1
917	04.06.2019 00:27	1141	16	228	218	0	20	60	9	1
916	04.06.2019 01:27	1179	18	203	261	0	20	59	9	1
915	04.06.2019 02:27	1161	17	204	253	0	20	59	9	1
914	04.06.2019 03:27	1024	19	185	218	0	20	59	9	1
913	04.06.2019 04:27	1105	20	212	223	0	20	59	9	1
912	04.06.2019 05:27	1024	12	178	236	0	19	59	9	1
911	04.06.2019 06:27	1037	22	186	233	0	19	59	9	1
910	04.06.2019 07:27	945	18	188	194	0	19	59	9	1
909	04.06.2019 08:27	991	18	208	182	0	20	59	9	1
908	04.06.2019 09:27	965	14	161	219	0	20	59	9	1
907	04.06.2019 10:27	863	11	146	194	0	20	59	9	1
906	04.06.2019 11:27	828	16	168	158	0	20	59	9	1
905	04.06.2019 12:27	843	12	152	180	0	20	59	9	1
904	04.06.2019 13:27	914	18	163	197	0	20	59	9	1
903	04.06.2019 14:27	803	17	149	167	0	20	59	9	1
902	04.06.2019 15:27	930	14	173	193	0	20	59	9	1
901	04.06.2019 16:27	818	11	145	177	1	20	59	9	1
900	04.06.2019 17:27	1011	17	201	197	0	20	59	9	1
899	04.06.2019 18:27	828	16	150	176	0	20	59	9	1
898	04.06.2019 19:27	888	24	154	193	0	20	60	9	1
897	04.06.2019 20:27	801	9	144	169	0	20	60	9	1
896	04.06.2019 21:27	911	10	166	190	0	20	60	9	1
895	04.06.2019 22:27	947	14	181	189	0	20	60	9	1
894	04.06.2019 23:27	1021	16	207	192	0	20	60	9	1
893	05.06.2019 00:27	1203	20	251	219	0	20	60	9	1
892	05.06.2019 01:27	1264	19	239	255	0	20	60	9	1
891	05.06.2019 02:27	1187	20	217	247	0	20	60	9	1
890	05.06.2019 03:27	1246	15	235	252	0	20	60	9	1
889	05.06.2019 04:27	1182	15	210	252	0	20	60	9	1
888	05.06.2019 05:27	1200	25	209	260	0	20	60	9	1
887	05.06.2019 06:27	998	22	182	208	0	20	60	9	1
886	05.06.2019 07:27	1042	14	196	211	0	20	60	9	1
885	05.06.2019 08:27	1098	16	210	219	0	20	60	9	1
884	05.06.2019 09:27	1182	16	230	232	0	20	60	9	1
883	05.06.2019 12:28	233	1	8	79	0	25	50	10	1
882	05.06.2019 13:28	96	2	11	25	0	25	50	9	1
881	05.06.2019 14:28	107	2	19	22	0	24	50	9	1
880	05.06.2019 15:28	129	3	32	18	0	24	49	9	1
879	05.06.2019 16:28	140	1	27	26	0	25	49	9	1
878	05.06.2019 17:28	184	6	34	38	0	24	48	9	1
877	05.06.2019 18:28	251	3	58	40	0	24	48	9	1
876	05.06.2019 19:28	331	5	68	61	0	24	48	9	1
875	05.06.2019 20:28	290	2	56	57	0	24	48	9	1
874	05.06.2019 21:28	308	7	44	76	0	24	48	9	1
873	05.06.2019 22:28	233	2	37	54	0	24	48	9	1
872	05.06.2019 23:28	202	2	36	43	0	24	48	9	1
871	06.06.2019 00:28	178	6	30	39	0	24	49	9	1
870	06.06.2019 01:28	147	3	21	36	1	24	49	9	1
869	06.06.2019 02:28	72	1	10	18	0	24	49	9	1
868	06.06.2019 03:28	91	1	16	19	0	24	50	9	1
867	06.06.2019 04:28	99	1	20	18	0	24	50	9	1
866	06.06.2019 05:28	99	2	20	18	0	24	50	9	1
865	06.06.2019 06:28	162	3	34	28	0	24	50	9	1
864	06.06.2019 07:28	109	1	19	23	0	24	50	9	1
863	06.06.2019 08:28	54	1	9	12	0	24	50	9	1
862	06.06.2019 09:28	65	0	10	15	0	24	50	9	1
861	06.06.2019 10:28	52	2	7	13	0	24	50	9	1
860	06.06.2019 11:28	33	1	8	5	0	24	50	9	1
859	06.06.2019 12:28	41	0	4	12	0	24	50	9	1
858	06.06.2019 13:28	31	1	5	7	0	24	50	9	1
857	06.06.2019 14:28	41	0	12	4	1	24	50	9	1
856	06.06.2019 15:28	75	2	14	15	0	24	50	9	1
855	06.06.2019 16:28	49	1	7	12	0	24	50	9	1
854	06.06.2019 17:28	81	0	21	10	0	24	50	9	1
853	06.06.2019 18:28	92	1	18	17	0	24	51	9	1
852	06.06.2019 19:28	134	2	27	24	0	24	51	9	1
851	06.06.2019 20:28	200	3	46	30	0	24	51	9	1
850	06.06.2019 21:28	192	6	28	45	0	24	51	9	1
849	06.06.2019 22:28	211	3	44	36	0	24	51	9	1
848	06.06.2019 23:28	255	5	55	42	0	24	51	9	1
847	07.06.2019 00:28	276	4	45	60	0	24	51	9	1
846	07.06.2019 01:28	271	2	47	56	0	24	51	9	1
845	07.06.2019 02:28	250	3	41	54	0	24	51	9	1
844	07.06.2019 03:28	218	0	41	42	0	24	51	9	1
843	07.06.2019 04:28	200	3	34	42	0	24	51	9	1
842	07.06.2019 05:28	159	0	25	36	0	24	50	9	1
841	07.06.2019 06:28	149	4	21	36	0	24	50	9	1
840	07.06.2019 07:28	175	4	35	32	0	24	50	9	1
839	07.06.2019 08:28	198	4	44	32	0	24	50	9	1
838	07.06.2019 09:28	228	3	45	43	0	24	49	9	1
837	07.06.2019 10:28	178	3	35	34	0	24	49	9	1
836	07.06.2019 11:28	225	2	47	40	0	24	49	9	1
835	07.06.2019 12:28	196	4	41	35	0	24	49	9	1
834	07.06.2019 13:28	194	4	36	39	0	24	49	9	1
833	07.06.2019 14:28	204	5	36	43	0	24	49	9	1
832	07.06.2019 15:28	178	5	30	39	0	24	49	9	1
831	07.06.2019 16:28	199	1	34	43	0	24	49	9	1
830	07.06.2019 17:28	147	3	30	27	0	24	49	9	1
829	07.06.2019 18:28	155	4	26	34	0	24	49	9	1
828	07.06.2019 19:28	145	1	25	31	0	24	49	9	1
827	07.06.2019 20:28	168	4	28	37	0	24	49	9	1
826	07.06.2019 21:28	171	2	35	31	0	24	49	9	1
825	07.06.2019 22:28	196	3	41	35	0	24	49	9	1
824	07.06.2019 23:28	190	4	29	44	0	24	50	9	1
823	08.06.2019 00:28	104	2	9	31	0	24	50	9	1
822	08.06.2019 01:28	70	1	8	19	0	24	50	9	1
821	08.06.2019 02:28	79	3	15	15	0	24	51	9	1
820	08.06.2019 03:28	58	2	14	8	0	24	51	9	1
819	08.06.2019 04:28	110	1	17	25	0	24	51	9	1
818	08.06.2019 05:28	158	4	38	22	0	24	51	9	1
817	08.06.2019 06:28	163	4	36	26	0	24	51	9	1
816	08.06.2019 07:28	172	0	27	39	0	24	50	9	1
815	08.06.2019 08:28	175	4	35	32	0	24	50	9	1
814	08.06.2019 09:28	150	2	31	27	0	24	49	9	1
813	08.06.2019 10:28	160	3	30	32	0	24	49	9	1
812	08.06.2019 11:28	156	2	22	39	0	24	48	9	1
811	08.06.2019 12:28	111	3	20	24	0	24	47	9	1
810	08.06.2019 13:28	120	3	22	26	0	24	46	9	1
809	08.06.2019 14:28	146	2	29	29	0	24	46	9	1
808	08.06.2019 15:28	114	1	19	27	0	24	45	9	1
807	08.06.2019 16:28	129	2	25	27	0	24	45	9	1
806	08.06.2019 17:28	116	3	23	24	0	24	44	9	1
805	08.06.2019 18:28	133	2	23	31	0	24	44	9	1
804	08.06.2019 19:28	166	2	33	35	0	24	43	9	1
803	08.06.2019 20:28	185	4	43	33	0	24	43	9	1
802	08.06.2019 21:28	246	1	53	48	0	24	43	9	1
801	08.06.2019 22:28	185	5	37	39	0	24	43	9	1
800	08.06.2019 23:28	193	1	39	40	0	24	43	9	1
799	09.06.2019 00:28	227	3	56	37	0	24	43	9	1
798	09.06.2019 01:28	176	2	33	39	0	24	43	9	1
797	09.06.2019 02:28	195	0	39	41	0	24	43	9	1
796	09.06.2019 03:28	166	8	26	42	0	24	43	9	1
795	09.06.2019 04:28	171	4	33	38	0	24	42	9	1
794	09.06.2019 05:28	157	1	29	36	0	24	42	9	1
793	09.06.2019 06:28	166	5	36	33	0	24	42	9	1
792	09.06.2019 07:28	217	4	45	45	0	24	42	9	1
791	09.06.2019 08:28	222	6	43	49	0	24	42	9	1
790	09.06.2019 09:28	237	1	46	52	0	24	42	9	1
789	09.06.2019 10:28	205	7	37	48	0	24	42	9	1
788	09.06.2019 11:28	191	2	30	49	0	24	42	9	1
787	09.06.2019 12:28	181	1	34	41	0	24	42	9	1
786	09.06.2019 13:28	135	3	26	30	0	24	42	9	1
785	09.06.2019 14:28	113	4	22	25	0	24	42	9	1
784	09.06.2019 15:28	157	1	26	39	0	24	42	9	1
783	09.06.2019 16:28	152	0	30	33	0	24	42	9	1
782	09.06.2019 17:28	162	0	32	35	0	24	42	9	1
781	09.06.2019 18:28	174	3	32	40	0	24	42	9	1
780	09.06.2019 19:28	162	2	36	31	0	24	42	9	1
779	09.06.2019 20:28	173	3	38	33	0	24	43	9	1
778	09.06.2019 21:28	136	4	30	26	0	24	43	9	1
777	09.06.2019 22:28	141	5	29	29	0	24	43	9	1
776	09.06.2019 23:28	177	0	45	27	0	24	44	9	1
775	10.06.2019 00:28	145	2	18	41	0	24	44	9	1
774	10.06.2019 01:28	138	0	26	30	0	24	44	9	1
773	10.06.2019 02:28	99	3	19	21	0	24	45	9	1
772	10.06.2019 03:28	104	4	21	21	0	24	45	9	1
771	10.06.2019 04:28	79	1	10	22	0	24	45	9	1
770	10.06.2019 05:28	88	0	16	19	0	24	46	9	1
769	10.06.2019 06:28	37	0	5	10	0	24	46	9	1
768	10.06.2019 07:28	50	1	14	6	0	24	46	9	1
767	10.06.2019 08:28	78	0	17	14	0	24	46	9	1
766	10.06.2019 09:28	85	1	17	17	0	24	46	9	1
765	10.06.2019 10:28	86	3	16	18	0	24	47	9	1
764	10.06.2019 11:28	103	2	19	21	0	25	46	9	1
763	10.06.2019 12:28	109	2	26	17	0	24	47	9	1
762	10.06.2019 13:28	104	2	22	19	0	24	47	9	1
761	10.06.2019 14:28	153	1	40	19	0	25	47	9	1
760	10.06.2019 15:28	198	2	40	36	0	25	47	9	1
759	10.06.2019 16:28	195	3	37	38	0	25	47	9	1
758	10.06.2019 17:28	177	2	40	28	0	25	47	9	1
757	10.06.2019 18:28	216	4	41	42	0	25	47	9	1
756	10.06.2019 19:28	236	4	48	42	0	25	48	9	1
755	10.06.2019 20:28	244	4	40	53	0	25	48	9	1
754	10.06.2019 21:28	257	3	40	57	0	25	49	9	1
753	10.06.2019 22:28	188	2	29	42	0	25	49	9	1
752	10.06.2019 23:28	119	2	20	26	0	24	49	9	1
751	11.06.2019 00:28	104	0	12	28	0	24	50	9	1
750	11.06.2019 01:28	54	0	11	10	0	24	50	9	1
749	11.06.2019 02:28	83	1	15	17	0	24	50	9	1
748	11.06.2019 03:28	100	0	17	21	0	24	51	9	1
747	11.06.2019 04:28	47	1	5	13	0	24	51	9	1
746	11.06.2019 05:28	60	0	7	16	0	24	51	9	1
745	11.06.2019 06:28	34	0	6	7	0	24	52	9	1
744	11.06.2019 07:28	34	2	6	7	0	24	52	9	1
743	11.06.2019 08:28	35	1	5	8	0	25	52	9	1
742	11.06.2019 09:28	30	0	3	8	0	25	53	9	1
741	11.06.2019 10:28	32	3	5	7	0	25	53	9	1
740	11.06.2019 11:28	85	0	17	14	0	25	53	9	1
739	11.06.2019 12:28	73	1	16	11	0	25	52	9	1
738	11.06.2019 13:28	119	3	26	18	0	25	52	9	1
737	11.06.2019 14:28	119	1	19	25	0	25	52	9	1
736	11.06.2019 15:28	96	2	20	15	0	26	51	9	1
735	11.06.2019 16:28	124	5	22	23	0	26	51	9	1
734	11.06.2019 17:28	102	6	24	13	0	26	51	9	1
733	11.06.2019 18:28	132	1	20	28	0	26	51	9	1
732	11.06.2019 19:28	124	1	24	21	0	26	51	9	1
731	11.06.2019 20:28	155	3	20	38	0	25	50	9	1
730	11.06.2019 21:28	133	3	21	29	0	25	50	9	1
729	11.06.2019 22:28	110	0	25	16	0	25	51	9	1
728	11.06.2019 23:28	127	0	24	23	0	25	51	9	1
727	12.06.2019 00:28	118	3	22	22	0	25	51	9	1
726	12.06.2019 01:28	84	0	9	22	0	25	52	9	1
725	12.06.2019 02:28	95	2	12	23	0	25	52	9	1
724	12.06.2019 03:28	49	2	7	11	0	25	52	9	1
723	12.06.2019 04:28	49	1	12	6	0	25	52	9	1
722	12.06.2019 05:28	89	2	18	15	0	25	52	9	1
721	12.06.2019 06:28	87	0	9	23	0	25	52	9	1
720	12.06.2019 07:28	46	1	6	11	0	25	52	9	1
719	12.06.2019 08:28	59	3	10	12	0	25	52	9	1
718	12.06.2019 09:28	54	0	11	9	0	25	52	9	1
717	12.06.2019 10:28	72	0	19	8	0	25	51	9	1
716	12.06.2019 11:28	72	2	11	16	0	25	51	9	1
715	12.06.2019 12:28	64	0	10	14	0	25	51	9	1
714	12.06.2019 13:28	74	2	13	14	0	26	50	9	1
713	12.06.2019 14:28	71	1	11	15	0	26	50	9	1
712	12.06.2019 15:28	97	1	22	14	0	26	49	9	1
711	12.06.2019 16:28	70	0	13	13	0	26	49	9	1
710	12.06.2019 17:28	114	2	22	20	0	26	49	9	1
709	12.06.2019 18:28	106	0	15	24	0	26	49	9	1
708	12.06.2019 19:28	100	3	19	18	0	26	49	9	1
707	12.06.2019 20:28	155	1	28	29	0	26	49	9	1
706	12.06.2019 21:28	136	5	25	25	0	26	49	9	1
705	12.06.2019 22:28	175	3	45	19	0	26	50	9	1
704	12.06.2019 23:28	222	1	32	49	0	26	50	9	1
703	13.06.2019 00:28	227	1	43	40	0	26	50	9	1
702	13.06.2019 01:28	233	3	38	47	0	26	50	9	1
701	13.06.2019 02:28	241	4	50	38	0	26	50	9	1
700	13.06.2019 03:28	252	1	38	54	0	26	50	9	1
699	13.06.2019 04:28	299	1	59	50	0	26	50	9	1
698	13.06.2019 05:28	301	3	52	58	0	26	50	9	1
697	13.06.2019 06:28	246	4	45	45	0	26	50	9	1
696	13.06.2019 07:28	242	2	45	44	0	26	49	9	1
695	13.06.2019 08:28	157	1	27	31	0	26	49	9	1
694	13.06.2019 09:28	185	2	37	31	0	26	49	9	1
693	13.06.2019 10:28	164	5	30	31	0	26	48	9	1
692	13.06.2019 11:28	178	8	22	44	0	26	48	9	1
691	13.06.2019 12:28	151	0	31	25	0	26	48	9	1
690	13.06.2019 13:28	168	1	27	36	0	26	47	9	1
689	13.06.2019 14:28	248	1	46	47	0	26	47	9	1
688	13.06.2019 15:28	235	6	39	49	0	26	47	9	1
687	13.06.2019 16:28	205	2	38	39	0	26	47	9	1
686	13.06.2019 17:28	240	2	45	45	0	26	47	9	1
685	13.06.2019 18:28	216	0	40	41	0	26	47	9	1
684	13.06.2019 19:28	240	5	50	39	0	26	48	9	1
683	13.06.2019 20:28	256	3	40	55	0	26	48	9	1
682	13.06.2019 21:28	231	1	31	55	0	26	48	9	1
681	13.06.2019 22:28	179	4	29	37	0	26	49	9	1
680	13.06.2019 23:28	198	1	31	42	0	26	49	9	1
679	14.06.2019 00:28	193	2	36	35	0	26	49	9	1
678	14.06.2019 01:28	164	1	25	35	0	26	50	9	1
677	14.06.2019 02:28	153	2	25	31	0	26	50	9	1
676	14.06.2019 03:28	153	0	28	28	0	26	50	9	1
675	14.06.2019 04:28	164	5	24	36	0	26	50	9	1
674	14.06.2019 05:28	192	6	38	32	0	26	50	9	1
673	14.06.2019 06:28	175	4	35	29	0	26	50	9	1
672	14.06.2019 07:28	246	2	50	40	0	26	50	9	1
671	14.06.2019 08:28	203	6	36	38	0	26	50	9	1
670	14.06.2019 09:28	238	4	35	52	0	26	50	9	1
669	14.06.2019 10:28	241	2	44	44	0	26	50	9	1
668	14.06.2019 11:28	236	3	38	48	0	26	50	9	1
667	14.06.2019 12:28	228	3	36	48	0	26	49	9	1
666	14.06.2019 13:28	223	5	33	49	0	26	49	9	1
665	14.06.2019 14:28	204	2	41	34	0	26	49	9	1
664	14.06.2019 15:28	242	3	40	47	0	27	49	9	1
663	14.06.2019 16:28	189	9	27	41	0	27	49	9	1
662	14.06.2019 17:28	217	5	44	34	0	27	49	9	1
661	14.06.2019 18:28	284	2	42	60	0	27	49	9	1
660	14.06.2019 19:28	239	8	43	45	0	26	49	9	1
659	14.06.2019 20:28	247	2	44	47	0	26	49	9	1
658	14.06.2019 21:28	293	5	59	49	0	26	49	9	1
657	14.06.2019 22:28	269	4	43	56	0	26	49	9	1
656	14.06.2019 23:28	244	1	39	50	0	26	50	9	1
655	15.06.2019 00:28	178	2	20	45	0	26	50	9	1
654	15.06.2019 01:28	152	3	16	39	0	26	51	9	1
653	15.06.2019 02:28	118	2	14	29	0	26	51	9	1
652	15.06.2019 03:28	83	2	15	15	0	26	51	9	1
651	15.06.2019 04:28	77	1	7	21	0	26	51	9	1
650	15.06.2019 05:28	63	2	10	13	0	26	51	9	1
649	15.06.2019 06:28	38	1	7	7	0	26	51	9	1
648	15.06.2019 07:28	38	2	8	6	0	26	51	9	1
647	15.06.2019 08:28	60	2	11	11	0	26	51	9	1
646	15.06.2019 09:28	101	1	21	15	0	27	50	9	1
645	15.06.2019 10:28	151	2	34	20	0	27	50	9	1
644	15.06.2019 11:28	195	2	38	31	0	27	51	9	1
643	15.06.2019 12:28	215	3	41	35	0	27	51	9	1
642	15.06.2019 13:28	229	3	39	42	0	27	51	9	1
641	15.06.2019 14:28	280	3	59	41	0	27	50	9	1
640	15.06.2019 15:28	294	5	45	60	0	27	50	9	1
639	15.06.2019 16:28	252	3	39	51	0	27	50	9	1
638	15.06.2019 17:28	238	2	32	53	1	27	50	9	1
637	15.06.2019 18:28	233	3	32	51	0	27	50	9	1
636	15.06.2019 19:28	159	2	24	34	0	26	50	9	1
635	15.06.2019 20:28	148	4	22	32	0	26	50	9	1
634	15.06.2019 21:28	189	3	39	30	0	26	50	9	1
633	15.06.2019 22:28	167	1	35	26	0	26	50	9	1
632	15.06.2019 23:28	175	4	25	39	0	26	50	9	1
631	16.06.2019 00:28	216	1	50	29	0	26	50	9	1
630	16.06.2019 01:28	211	4	42	35	0	26	50	9	1
629	16.06.2019 02:28	167	2	21	40	0	26	50	9	1
628	16.06.2019 03:28	186	2	25	43	0	26	50	9	1
627	16.06.2019 04:28	145	2	24	29	0	26	50	9	1
626	16.06.2019 05:28	175	1	29	35	0	26	50	9	1
625	16.06.2019 06:28	192	1	34	36	0	26	50	9	1
624	16.06.2019 07:28	178	6	30	35	0	26	50	9	1
623	16.06.2019 08:28	178	3	29	36	0	26	50	9	1
622	16.06.2019 09:28	142	0	25	27	0	26	50	9	1
621	16.06.2019 10:28	148	3	35	19	0	26	50	9	1
620	16.06.2019 11:28	139	7	21	30	0	26	50	9	1
619	16.06.2019 12:28	170	2	25	37	0	26	50	9	1
618	16.06.2019 13:28	144	1	28	25	0	26	49	9	1
617	16.06.2019 14:28	136	1	23	27	0	26	49	9	1
616	16.06.2019 15:28	137	2	28	23	0	26	48	9	1
615	16.06.2019 16:28	156	4	26	32	0	26	48	9	1
614	16.06.2019 17:28	126	6	22	25	0	26	48	9	1
613	16.06.2019 18:28	138	1	26	26	0	26	47	9	1
612	16.06.2019 19:28	130	3	17	32	0	26	47	9	1
611	16.06.2019 20:28	141	4	20	33	0	26	47	9	1
610	16.06.2019 21:28	120	5	26	19	0	26	47	9	1
609	16.06.2019 22:28	144	2	27	27	0	26	47	9	1
608	16.06.2019 23:28	138	4	28	24	0	26	47	9	1
607	17.06.2019 00:28	136	2	25	26	0	26	47	9	1
606	17.06.2019 01:28	187	2	36	34	0	26	47	9	1
605	17.06.2019 02:28	147	2	27	28	0	26	47	9	1
604	17.06.2019 03:28	168	0	28	35	0	26	47	9	1
603	17.06.2019 04:28	165	5	32	30	0	26	47	9	1
602	17.06.2019 05:28	187	3	36	34	0	26	47	9	1
601	17.06.2019 06:28	168	3	28	35	0	26	47	9	1
600	17.06.2019 07:28	200	3	41	34	0	26	47	9	1
599	17.06.2019 08:28	200	7	41	34	0	26	47	9	1
598	17.06.2019 09:28	286	2	53	54	0	26	47	9	1
597	17.06.2019 10:28	243	4	40	51	0	26	47	9	1
596	17.06.2019 11:28	217	3	36	46	0	26	46	9	1
595	17.06.2019 12:28	195	0	28	46	0	26	46	9	1
594	17.06.2019 13:28	164	1	24	38	0	26	46	9	1
593	17.06.2019 14:28	150	2	29	28	0	26	46	9	1
592	17.06.2019 15:28	165	3	33	30	0	26	45	9	1
591	17.06.2019 16:28	167	5	26	38	0	26	45	9	1
590	17.06.2019 17:28	152	4	26	32	0	26	45	9	1
589	17.06.2019 18:28	191	3	31	42	0	26	45	9	1
588	17.06.2019 19:28	186	4	36	35	0	26	45	9	1
587	17.06.2019 20:28	157	1	35	25	0	26	45	9	1
586	17.06.2019 21:28	154	4	30	29	0	26	45	9	1
585	17.06.2019 22:28	153	4	26	34	0	25	45	9	1
584	17.06.2019 23:28	191	0	35	40	0	25	45	9	1
583	18.06.2019 00:28	214	4	37	47	0	25	45	9	1
582	18.06.2019 01:28	189	10	43	31	0	25	45	9	1
581	18.06.2019 02:28	183	3	39	32	0	25	46	9	1
580	18.06.2019 03:28	183	3	33	38	0	25	46	9	1
579	18.06.2019 04:28	206	7	38	42	0	25	46	9	1
578	18.06.2019 05:28	193	2	34	41	0	25	46	9	1
577	18.06.2019 06:28	196	3	28	48	0	25	46	9	1
576	18.06.2019 07:28	191	3	35	39	0	25	46	9	1
575	18.06.2019 08:28	255	2	43	56	0	25	46	9	1
574	18.06.2019 09:28	183	2	26	45	0	25	46	9	1
573	18.06.2019 10:28	161	4	31	32	0	25	45	9	1
572	18.06.2019 11:28	153	5	31	29	0	25	45	9	1
571	18.06.2019 12:28	168	3	31	35	0	25	45	9	1
570	18.06.2019 13:28	167	2	34	30	0	26	45	9	1
569	18.06.2019 14:28	146	3	30	26	0	26	45	9	1
568	18.06.2019 15:28	160	5	31	30	0	26	45	9	1
567	18.06.2019 16:28	186	1	30	41	0	26	45	9	1
566	18.06.2019 17:28	165	2	39	24	0	26	45	9	1
565	18.06.2019 18:28	246	2	50	45	0	26	44	9	1
564	18.06.2019 19:28	181	2	29	41	0	26	44	9	1
563	18.06.2019 20:28	212	0	35	47	0	26	44	9	1
562	18.06.2019 21:28	174	1	32	35	0	26	44	9	1
561	18.06.2019 22:28	157	1	34	28	0	25	44	9	1
560	18.06.2019 23:28	156	1	25	36	0	25	45	9	1
559	19.06.2019 00:28	133	3	23	29	0	25	45	9	1
558	19.06.2019 01:28	115	2	23	22	0	25	45	9	1
557	19.06.2019 02:28	174	3	35	33	0	25	45	9	1
556	19.06.2019 03:28	145	2	30	27	0	25	45	9	1
555	19.06.2019 04:28	150	2	28	31	0	25	45	9	1
554	19.06.2019 05:28	204	4	37	43	0	25	45	9	1
553	19.06.2019 06:28	155	1	23	37	0	25	46	9	1
552	19.06.2019 07:28	211	3	37	45	0	25	46	9	1
551	19.06.2019 08:28	238	1	40	50	0	26	46	9	1
550	19.06.2019 09:28	254	4	51	45	0	26	46	9	1
549	19.06.2019 10:28	214	2	33	48	0	26	46	9	1
548	19.06.2019 11:28	157	4	22	37	0	26	47	9	1
547	19.06.2019 12:28	112	4	15	27	0	26	47	9	1
546	19.06.2019 13:28	77	1	13	16	0	26	47	9	1
545	19.06.2019 14:28	85	2	18	14	0	26	47	9	1
544	19.06.2019 15:28	108	2	22	19	0	26	46	9	1
543	19.06.2019 16:28	113	2	31	12	0	26	46	9	1
542	19.06.2019 17:28	198	1	42	33	0	26	46	9	1
541	19.06.2019 18:28	185	4	33	37	0	26	46	9	1
540	19.06.2019 19:28	177	6	36	31	0	26	46	9	1
539	19.06.2019 20:28	145	1	22	33	0	26	46	9	1
538	19.06.2019 21:28	148	1	24	32	0	26	46	9	1
537	19.06.2019 22:28	181	3	33	35	0	26	47	9	1
536	19.06.2019 23:28	168	1	29	34	0	26	47	9	1
535	20.06.2019 00:28	160	10	37	23	0	26	47	9	1
534	20.06.2019 01:28	189	2	39	32	0	26	47	9	1
533	20.06.2019 02:28	200	3	36	39	0	26	47	9	1
532	20.06.2019 03:28	184	0	35	34	0	26	47	9	1
531	20.06.2019 04:28	165	1	27	35	0	26	47	9	1
530	20.06.2019 05:28	197	2	37	37	0	26	47	9	1
529	20.06.2019 06:28	208	2	47	31	0	26	47	9	1
528	20.06.2019 07:28	216	6	35	46	0	26	47	9	1
527	20.06.2019 08:28	227	1	43	42	0	26	47	9	1
526	20.06.2019 09:28	186	0	30	41	0	26	45	9	1
525	08.07.2019 12:14	0	8	0	0	0	27	32	10	1
524	08.07.2019 13:14	0	5	0	0	0	27	30	10	1
523	08.07.2019 14:14	0	6	0	0	0	26	29	10	1
522	08.07.2019 15:14	0	7	0	0	0	26	28	10	1
521	08.07.2019 16:14	0	6	0	0	0	30	31	10	1
520	08.07.2019 17:14	0	4	0	0	0	30	26	10	1
519	08.07.2019 18:14	0	18	0	0	0	25	24	10	1
518	08.07.2019 19:14	0	4	0	0	0	24	25	9	1
517	08.07.2019 20:14	0	3	0	0	0	23	26	9	1
516	08.07.2019 21:14	0	5	0	0	0	23	26	9	1
515	08.07.2019 22:14	0	4	0	0	0	23	27	9	1
514	08.07.2019 23:14	0	4	0	0	0	23	27	9	1
513	09.07.2019 00:14	0	7	0	0	0	24	27	9	1
512	09.07.2019 01:14	0	1	0	0	0	24	27	9	1
511	09.07.2019 02:14	0	4	0	0	0	24	28	9	1
510	09.07.2019 03:14	0	6	0	0	0	23	29	9	1
509	09.07.2019 04:14	0	2	0	0	0	23	30	9	1
508	09.07.2019 05:14	0	8	0	0	0	23	30	9	1
507	09.07.2019 06:14	0	4	0	0	0	21	32	9	1
506	09.07.2019 07:14	0	3	0	0	0	20	35	9	1
505	09.07.2019 13:14	0	6413	0	0	0	20	36	9	1
504	09.07.2019 14:14	4	11501	2	0	0	20	40	9	1
503	09.07.2019 15:14	0	10646	0	0	0	19	42	9	1
502	09.07.2019 16:14	4	8168	0	2	0	19	44	9	1
501	09.07.2019 17:14	0	6376	0	0	0	19	45	9	1
500	09.07.2019 18:14	2	4593	0	1	0	19	47	9	1
499	09.07.2019 19:14	2	3468	0	1	0	19	48	9	1
498	09.07.2019 20:14	0	2846	0	0	0	19	49	9	1
497	09.07.2019 21:14	0	2384	0	0	0	19	50	9	1
496	09.07.2019 22:14	0	2028	0	0	0	19	50	9	1
495	09.07.2019 23:14	0	1722	0	0	0	19	51	9	1
494	10.07.2019 00:14	0	1524	0	0	0	19	51	9	1
493	10.07.2019 01:14	0	1517	0	0	0	19	52	9	1
492	10.07.2019 02:14	0	1346	0	0	0	19	52	9	1
491	10.07.2019 03:14	0	1253	0	0	0	19	53	9	1
490	10.07.2019 04:14	0	1231	0	0	0	19	53	9	1
489	10.07.2019 05:14	0	1196	0	0	0	19	54	9	1
488	10.07.2019 06:14	0	1140	0	0	0	19	54	9	1
487	10.07.2019 07:14	0	1051	0	0	0	19	54	9	1
486	10.07.2019 08:14	0	1024	0	0	0	19	54	9	1
485	10.07.2019 09:14	0	1089	0	0	0	19	55	9	1
484	10.07.2019 10:14	0	1107	0	0	0	19	55	9	1
483	10.07.2019 11:14	0	1154	0	0	0	19	55	9	1
482	10.07.2019 12:14	0	1162	0	0	0	19	55	9	1
481	10.07.2019 13:14	0	1182	0	0	0	19	56	9	1
480	10.07.2019 14:14	0	1299	0	0	0	19	56	9	1
479	10.07.2019 15:14	0	1314	0	0	0	19	56	9	1
478	10.07.2019 16:14	0	1306	0	0	0	19	57	9	1
477	10.07.2019 17:14	0	1405	0	0	0	19	57	9	1
476	10.07.2019 18:14	0	1412	0	0	0	19	57	9	1
475	10.07.2019 19:14	0	1404	0	0	0	19	58	9	1
474	10.07.2019 20:14	0	1404	0	0	0	19	58	9	1
473	10.07.2019 21:14	0	1446	0	0	0	19	58	9	1
472	10.07.2019 22:14	0	1409	0	0	0	19	58	9	1
471	10.07.2019 23:14	0	1458	0	0	0	19	59	9	1
470	11.07.2019 00:14	0	1484	0	0	0	19	59	9	1
469	11.07.2019 01:14	0	1354	0	0	0	19	59	9	1
468	11.07.2019 02:14	0	1257	0	0	0	19	59	9	1
467	11.07.2019 03:14	0	1208	0	0	0	19	59	9	1
466	11.07.2019 04:14	0	1159	0	0	0	19	59	9	1
465	11.07.2019 05:14	0	1156	0	0	0	19	59	9	1
464	11.07.2019 06:14	0	1137	0	0	0	19	59	9	1
463	11.07.2019 07:14	0	1063	0	0	0	19	59	9	1
462	11.07.2019 08:14	0	1064	0	0	0	19	59	9	1
461	11.07.2019 09:14	0	1057	0	0	0	19	59	9	1
460	11.07.2019 10:14	0	1202	0	0	0	19	59	9	1
459	11.07.2019 11:14	0	1234	0	0	0	19	60	9	1
458	11.07.2019 12:14	0	1336	0	0	0	19	60	9	1
457	11.07.2019 13:14	0	1407	0	0	0	19	60	9	1
456	11.07.2019 14:14	0	1517	0	0	0	19	60	9	1
455	11.07.2019 15:14	0	1406	0	0	0	19	61	9	1
454	11.07.2019 16:14	0	1372	0	0	0	19	61	9	1
453	11.07.2019 17:14	0	1336	0	0	0	19	61	9	1
452	11.07.2019 18:14	0	1392	0	0	0	19	61	9	1
451	11.07.2019 19:14	0	1452	0	0	0	19	62	9	1
450	11.07.2019 20:14	0	1463	0	0	0	19	62	9	1
449	11.07.2019 21:14	0	1451	0	0	0	19	62	9	1
448	11.07.2019 22:14	0	1551	0	0	0	19	62	9	1
447	11.07.2019 23:14	0	1619	0	0	0	19	62	9	1
446	12.07.2019 00:14	0	1682	0	0	0	19	63	9	1
445	12.07.2019 01:14	0	1583	0	0	0	19	63	9	1
444	12.07.2019 02:14	0	1419	0	0	0	19	63	9	1
443	12.07.2019 03:14	0	1380	0	0	0	19	63	9	1
442	12.07.2019 04:14	0	1367	0	0	0	19	63	9	1
441	12.07.2019 05:14	0	1361	0	0	0	19	63	9	1
440	12.07.2019 06:14	0	1385	0	0	0	19	64	9	1
439	12.07.2019 07:14	0	1387	0	0	0	19	64	9	1
438	12.07.2019 08:14	0	1444	0	0	0	19	64	9	1
437	12.07.2019 09:14	0	1450	0	0	0	19	64	9	1
436	12.07.2019 10:14	0	1317	0	0	0	19	65	9	1
435	12.07.2019 11:14	0	1366	0	0	0	19	65	9	1
434	12.07.2019 12:14	2	1433	1	0	0	19	65	9	1
433	12.07.2019 13:14	0	1340	0	0	0	19	65	9	1
432	12.07.2019 14:14	0	1314	0	0	0	19	65	9	1
431	12.07.2019 15:14	0	1331	0	0	0	19	65	9	1
430	12.07.2019 16:14	0	1335	0	0	0	19	65	9	1
429	12.07.2019 17:14	0	1318	0	0	0	19	65	9	1
428	12.07.2019 18:14	0	1322	0	0	0	19	66	9	1
427	12.07.2019 19:14	0	1358	0	0	0	19	66	9	1
426	12.07.2019 20:14	0	1351	0	0	0	19	66	9	1
425	12.07.2019 21:14	0	1435	0	0	0	19	66	9	1
424	12.07.2019 22:14	0	1454	0	0	0	19	66	9	1
423	12.07.2019 23:14	0	1378	0	0	0	19	67	9	1
422	13.07.2019 00:14	0	1374	0	0	0	19	67	9	1
421	13.07.2019 01:14	0	1290	0	0	0	19	67	9	1
420	13.07.2019 02:14	0	1294	0	0	0	19	67	9	1
419	13.07.2019 03:14	0	1255	0	0	0	19	67	9	1
418	13.07.2019 04:14	0	1224	0	0	0	19	67	9	1
417	13.07.2019 05:14	0	1225	0	0	0	19	67	9	1
416	13.07.2019 06:14	0	1237	0	0	0	19	67	9	1
415	13.07.2019 07:14	0	1187	0	0	0	19	67	9	1
414	13.07.2019 08:14	0	1183	0	0	0	19	67	9	1
413	13.07.2019 09:14	0	1237	0	0	0	19	67	10	1
412	13.07.2019 10:14	0	1295	0	0	0	19	67	9	1
411	13.07.2019 11:14	0	1278	0	0	0	19	68	9	1
410	13.07.2019 12:14	0	1289	0	0	0	19	68	9	1
409	13.07.2019 13:14	0	1320	0	0	0	19	68	9	1
408	13.07.2019 14:14	0	1497	0	0	0	19	68	9	1
407	13.07.2019 15:14	2	1447	1	0	0	19	68	10	1
406	13.07.2019 16:14	0	1462	0	0	0	19	68	10	1
405	13.07.2019 17:14	0	1386	0	0	0	19	68	10	1
404	13.07.2019 18:14	0	1293	0	0	0	19	68	10	1
403	13.07.2019 19:14	0	1290	0	0	0	19	69	10	1
402	13.07.2019 20:14	2	1302	0	1	0	19	69	9	1
401	13.07.2019 21:14	0	1296	0	0	0	19	69	9	1
400	13.07.2019 22:14	0	1365	0	0	0	19	69	10	1
399	13.07.2019 23:14	0	1358	0	0	0	19	69	9	1
398	14.07.2019 00:14	0	1334	0	0	0	19	69	10	1
397	14.07.2019 01:14	0	1314	0	0	0	19	69	10	1
396	14.07.2019 02:14	0	1204	0	0	0	19	69	9	1
395	14.07.2019 03:14	0	1239	0	0	0	19	69	10	1
394	14.07.2019 04:14	0	1208	0	0	0	19	69	9	1
393	14.07.2019 05:14	0	1140	0	0	0	19	69	9	1
392	14.07.2019 06:14	0	1163	0	0	0	19	69	10	1
391	14.07.2019 07:14	0	1116	0	0	0	19	69	10	1
390	14.07.2019 08:14	0	1112	0	0	0	19	69	10	1
389	14.07.2019 09:14	0	1222	0	0	0	19	69	10	1
388	14.07.2019 10:14	0	1199	0	0	0	19	69	9	1
387	14.07.2019 11:14	0	1283	0	0	0	19	70	10	1
386	14.07.2019 12:14	0	1314	0	0	0	19	70	10	1
385	14.07.2019 13:14	0	1423	0	0	0	19	70	9	1
384	14.07.2019 14:14	0	1425	0	0	0	19	70	10	1
383	14.07.2019 15:14	0	1424	0	0	0	19	70	9	1
382	14.07.2019 16:14	0	1484	0	0	0	19	70	10	1
381	14.07.2019 17:14	0	1427	0	0	0	19	70	10	1
380	14.07.2019 18:14	0	1395	0	0	0	19	70	10	1
379	14.07.2019 19:14	0	1271	0	0	0	19	70	10	1
378	14.07.2019 20:14	0	1273	0	0	0	19	71	10	1
377	14.07.2019 21:14	0	1344	0	0	0	19	71	9	1
376	14.07.2019 22:14	0	1265	0	0	0	19	71	10	1
375	14.07.2019 23:14	0	1349	0	0	0	19	71	10	1
374	15.07.2019 00:14	0	1327	0	0	0	19	71	10	1
373	15.07.2019 01:14	0	1275	0	0	0	19	71	10	1
372	15.07.2019 02:14	0	1265	0	0	0	19	71	10	1
371	15.07.2019 03:14	0	1277	0	0	0	19	71	10	1
370	15.07.2019 04:14	0	1150	0	0	0	19	71	10	1
369	15.07.2019 05:14	0	1129	0	0	0	19	71	9	1
368	15.07.2019 06:14	0	1194	0	0	0	19	71	10	1
367	15.07.2019 07:14	0	1201	0	0	0	19	71	10	1
366	15.07.2019 08:14	0	1224	0	0	0	19	71	10	1
365	15.07.2019 09:14	0	1232	0	0	0	19	71	10	1
364	15.07.2019 10:14	0	1341	0	0	0	19	71	10	1
363	15.07.2019 11:14	0	1297	0	0	0	19	71	10	1
362	15.07.2019 12:14	0	1404	0	0	0	19	72	10	1
361	15.07.2019 13:14	0	1387	0	0	0	19	72	10	1
360	15.07.2019 14:14	0	1343	0	0	0	19	72	10	1
359	15.07.2019 15:14	0	1507	0	0	0	19	72	10	1
358	15.07.2019 16:14	0	1405	0	0	0	19	72	10	1
357	15.07.2019 17:14	0	1514	0	0	0	19	72	10	1
356	15.07.2019 18:14	0	1481	0	0	0	19	72	10	1
355	15.07.2019 19:14	2	1467	1	0	0	19	72	10	1
354	15.07.2019 20:14	0	1514	0	0	0	19	72	10	1
353	15.07.2019 21:14	0	1574	0	0	0	19	72	10	1
352	15.07.2019 22:14	0	1488	0	0	0	19	72	10	1
351	15.07.2019 23:14	0	1488	0	0	0	19	72	10	1
350	16.07.2019 00:14	0	1539	0	0	0	19	72	10	1
349	16.07.2019 01:14	0	1485	0	0	0	19	72	10	1
348	16.07.2019 02:14	0	1405	0	0	0	19	72	10	1
347	16.07.2019 03:14	0	1378	0	0	0	19	72	10	1
346	16.07.2019 04:14	0	1455	0	0	0	19	72	10	1
345	16.07.2019 05:14	0	1482	0	0	0	19	72	10	1
344	16.07.2019 06:14	0	1439	0	0	0	19	72	10	1
343	16.07.2019 07:14	0	1387	0	0	0	19	72	10	1
342	16.07.2019 08:14	0	1396	0	0	0	19	72	10	1
341	16.07.2019 09:14	0	1321	0	0	0	19	72	10	1
340	16.07.2019 10:14	0	1394	0	0	0	19	72	10	1
339	16.07.2019 11:14	0	1290	0	0	0	19	72	10	1
338	16.07.2019 12:14	0	1375	0	0	0	19	72	10	1
337	16.07.2019 13:14	0	1412	0	0	0	19	72	10	1
336	16.07.2019 14:14	0	1548	0	0	0	19	72	10	1
335	16.07.2019 15:14	0	1529	0	0	0	19	73	10	1
334	16.07.2019 16:14	0	1439	0	0	0	19	73	10	1
333	16.07.2019 17:14	0	1369	0	0	0	19	73	10	1
332	16.07.2019 18:14	0	1344	0	0	0	19	73	10	1
331	16.07.2019 19:14	0	1313	0	0	0	19	73	10	1
330	16.07.2019 20:14	0	1262	0	0	0	19	73	10	1
329	16.07.2019 21:14	0	1288	0	0	0	19	73	10	1
328	16.07.2019 22:14	0	1385	0	0	0	19	73	10	1
327	16.07.2019 23:14	0	1453	0	0	0	19	73	10	1
326	17.07.2019 00:14	0	1441	0	0	0	19	73	10	1
325	17.07.2019 01:14	0	1407	0	0	0	19	73	10	1
324	17.07.2019 02:14	0	1413	0	0	0	19	73	10	1
323	17.07.2019 03:14	0	1395	0	0	0	19	73	10	1
322	17.07.2019 04:14	0	1398	0	0	0	19	73	10	1
321	17.07.2019 05:14	0	1460	0	0	0	19	73	10	1
320	17.07.2019 06:14	0	1446	0	0	0	19	73	10	1
319	17.07.2019 07:14	0	1441	0	0	0	19	73	10	1
318	17.07.2019 08:14	0	1341	0	0	0	19	73	10	1
317	17.07.2019 09:14	0	1337	0	0	0	19	73	10	1
316	17.07.2019 10:14	0	1366	0	0	0	19	73	10	1
315	17.07.2019 11:14	0	1332	0	0	0	19	73	10	1
314	17.07.2019 12:14	0	1363	0	0	0	19	73	10	1
313	17.07.2019 13:14	0	1419	0	0	0	19	73	10	1
312	17.07.2019 14:14	0	1463	0	0	0	19	73	10	1
311	17.07.2019 15:14	0	1403	0	0	0	19	73	10	1
310	17.07.2019 16:14	0	1335	0	0	0	19	73	10	1
309	17.07.2019 17:14	0	1203	0	0	0	19	74	10	1
308	17.07.2019 18:14	0	1221	0	0	0	19	74	10	1
307	17.07.2019 19:14	0	1158	0	0	0	19	74	10	1
306	17.07.2019 20:14	0	1063	0	0	0	19	74	10	1
305	17.07.2019 21:14	0	1126	0	0	0	19	74	10	1
304	17.07.2019 22:14	0	1215	0	0	0	19	74	10	1
303	17.07.2019 23:14	0	1276	0	0	0	19	74	10	1
302	18.07.2019 00:14	0	1333	0	0	0	19	74	10	1
301	18.07.2019 01:14	0	1400	0	0	0	19	74	10	1
300	18.07.2019 02:14	0	1447	0	0	0	19	74	10	1
299	18.07.2019 03:14	0	1410	0	0	0	19	74	10	1
298	18.07.2019 04:14	0	1408	0	0	0	19	74	10	1
297	18.07.2019 05:14	0	1486	0	0	0	19	74	10	1
296	18.07.2019 06:14	0	1451	0	0	0	19	74	10	1
295	18.07.2019 07:14	0	1443	0	0	0	19	74	10	1
294	18.07.2019 08:14	0	1445	0	0	0	19	74	10	1
293	18.07.2019 09:14	0	1425	0	0	0	19	74	10	1
292	18.07.2019 10:14	0	1408	0	0	0	19	74	10	1
291	18.07.2019 11:14	0	1415	0	0	0	19	74	10	1
290	18.07.2019 12:14	0	1481	0	0	0	19	74	10	1
289	18.07.2019 13:14	0	1532	0	0	0	19	74	10	1
288	18.07.2019 14:14	0	1594	0	0	0	19	74	10	1
287	18.07.2019 15:14	0	1567	0	0	0	19	74	10	1
286	18.07.2019 16:14	0	1563	0	0	0	19	74	10	1
285	18.07.2019 17:14	0	1536	0	0	0	19	74	10	1
284	18.07.2019 18:14	0	1605	0	0	0	19	75	10	1
283	18.07.2019 19:14	0	1633	0	0	0	19	75	10	1
282	18.07.2019 20:14	0	1712	0	0	0	19	75	10	1
281	18.07.2019 21:14	0	1824	0	0	0	19	75	10	1
280	18.07.2019 22:14	0	1876	0	0	0	19	75	10	1
279	18.07.2019 23:14	2	1986	0	1	0	19	75	10	1
278	19.07.2019 00:14	2	1949	1	0	0	19	75	10	1
277	19.07.2019 01:14	0	1951	0	0	0	19	75	10	1
276	19.07.2019 02:14	0	1985	0	0	0	19	75	10	1
275	19.07.2019 03:14	0	1942	0	0	0	19	75	10	1
274	19.07.2019 04:14	0	1964	0	0	0	19	75	10	1
273	19.07.2019 05:14	0	1927	0	0	0	19	75	10	1
272	19.07.2019 06:14	0	1809	0	0	0	19	75	10	1
271	19.07.2019 07:14	0	1688	0	0	0	19	75	10	1
270	19.07.2019 08:14	0	1705	0	0	0	19	75	10	1
269	19.07.2019 09:14	0	1618	0	0	0	19	75	10	1
268	19.07.2019 10:14	0	1602	0	0	0	19	75	10	1
267	19.07.2019 11:14	0	1804	0	0	0	19	75	10	1
266	19.07.2019 12:14	0	1844	0	0	0	19	75	10	1
265	19.07.2019 13:14	0	1885	0	0	0	19	75	10	1
264	19.07.2019 14:14	0	1981	0	0	0	19	75	10	1
263	19.07.2019 15:14	0	1895	0	0	0	19	76	10	1
262	19.07.2019 16:14	0	1825	0	0	0	19	76	10	1
261	19.07.2019 17:14	0	1825	0	0	0	19	76	10	1
260	19.07.2019 18:14	0	1851	0	0	0	19	76	10	1
259	19.07.2019 19:14	0	1814	0	0	0	19	76	10	1
258	19.07.2019 20:14	0	1944	0	0	0	19	76	10	1
257	19.07.2019 21:14	0	2007	0	0	0	19	76	10	1
256	19.07.2019 22:14	0	2077	0	0	0	19	76	10	1
255	19.07.2019 23:14	0	2161	0	0	0	19	76	10	1
254	20.07.2019 00:14	2	2149	1	0	0	19	76	10	1
253	20.07.2019 01:14	0	2139	0	0	0	19	76	10	1
252	20.07.2019 02:14	0	2165	0	0	0	19	76	11	1
251	20.07.2019 03:14	2	2161	1	0	0	19	76	11	1
250	20.07.2019 04:14	2	2160	1	0	0	19	76	11	1
249	20.07.2019 05:14	0	2085	0	0	0	19	76	11	1
248	20.07.2019 06:14	0	2028	0	0	0	19	76	11	1
247	20.07.2019 07:14	0	1913	0	0	0	19	76	11	1
246	20.07.2019 08:14	0	1904	0	0	0	19	76	11	1
245	20.07.2019 09:14	0	1953	0	0	0	19	76	11	1
244	20.07.2019 10:14	0	2025	0	0	0	19	76	11	1
243	20.07.2019 11:14	0	2097	0	0	0	19	76	11	1
242	20.07.2019 12:14	0	2056	0	0	0	19	76	11	1
241	20.07.2019 13:14	0	2132	0	0	0	19	76	11	1
240	20.07.2019 14:14	0	2080	0	0	0	19	76	11	1
239	20.07.2019 15:14	0	2005	0	0	0	19	76	11	1
238	20.07.2019 16:14	0	2011	0	0	0	19	76	11	1
237	20.07.2019 17:14	0	1920	0	0	0	19	76	11	1
236	20.07.2019 18:14	0	1807	0	0	0	19	76	11	1
235	20.07.2019 19:14	0	1774	0	0	0	19	76	11	1
234	20.07.2019 20:14	0	1788	0	0	0	19	77	11	1
233	20.07.2019 21:14	0	1778	0	0	0	19	77	11	1
232	20.07.2019 22:14	0	1797	0	0	0	19	77	11	1
231	20.07.2019 23:14	0	1937	0	0	0	19	77	11	1
230	21.07.2019 00:14	0	1989	0	0	0	19	77	11	1
229	21.07.2019 01:14	2	2082	1	0	0	19	77	11	1
228	21.07.2019 02:14	0	1911	0	0	0	19	77	11	1
227	21.07.2019 03:14	0	2068	0	0	0	19	77	11	1
226	21.07.2019 04:14	0	1998	0	0	0	19	77	11	1
225	21.07.2019 05:14	0	2062	0	0	0	19	77	11	1
224	21.07.2019 06:14	2	2087	1	0	0	19	77	11	1
223	21.07.2019 07:14	0	2066	0	0	0	19	77	11	1
222	21.07.2019 08:14	0	1890	0	0	0	19	77	11	1
221	21.07.2019 09:14	0	1937	0	0	0	19	77	11	1
220	21.07.2019 10:14	0	1888	0	0	0	19	77	11	1
219	21.07.2019 11:14	0	1877	0	0	0	19	77	11	1
218	21.07.2019 12:14	0	1903	0	0	0	19	77	11	1
217	21.07.2019 13:14	0	1892	0	0	0	19	77	11	1
216	21.07.2019 14:14	0	1857	0	0	0	19	77	11	1
215	21.07.2019 15:14	0	1758	0	0	0	19	77	11	1
214	21.07.2019 16:14	0	1568	0	0	0	19	77	11	1
213	21.07.2019 17:14	0	1553	0	0	0	19	77	11	1
212	21.07.2019 18:14	0	1571	0	0	0	19	77	11	1
211	21.07.2019 19:14	0	1644	0	0	0	19	77	11	1
210	21.07.2019 20:14	0	1726	0	0	0	19	78	11	1
209	21.07.2019 21:14	0	1794	0	0	0	19	78	11	1
208	21.07.2019 22:14	0	1912	0	0	0	19	78	11	1
207	21.07.2019 23:14	0	1845	0	0	0	19	78	11	1
206	22.07.2019 00:14	0	1910	0	0	0	19	78	11	1
205	22.07.2019 01:14	0	1771	0	0	0	19	78	11	1
204	22.07.2019 02:14	0	1789	0	0	0	19	78	11	1
203	22.07.2019 03:14	0	1751	0	0	0	19	78	11	1
202	22.07.2019 04:14	0	1771	0	0	0	19	78	11	1
201	22.07.2019 05:14	0	1711	0	0	0	19	78	11	1
200	22.07.2019 06:14	0	1627	0	0	0	19	78	11	1
199	22.07.2019 07:14	0	1470	0	0	0	19	78	11	1
198	22.07.2019 08:14	0	1572	0	0	0	19	78	11	1
197	22.07.2019 09:14	0	1528	0	0	0	19	78	11	1
196	22.07.2019 10:14	0	1638	0	0	0	19	78	11	1
195	22.07.2019 11:14	0	1690	0	0	0	19	78	11	1
194	22.07.2019 12:14	0	1690	0	0	0	19	78	11	1
193	22.07.2019 13:14	0	1781	0	0	0	19	78	11	1
192	22.07.2019 14:14	0	1840	0	0	0	19	78	11	1
191	22.07.2019 15:14	0	1807	0	0	0	19	78	11	1
190	22.07.2019 16:14	0	1848	0	0	0	19	78	11	1
189	22.07.2019 17:14	0	1775	0	0	0	19	78	11	1
188	22.07.2019 18:14	0	1846	0	0	0	19	78	11	1
187	22.07.2019 19:14	0	1926	0	0	0	19	78	11	1
186	22.07.2019 20:14	0	1834	0	0	0	19	78	11	1
185	22.07.2019 21:14	0	1895	0	0	0	19	78	11	1
184	22.07.2019 22:14	0	1967	0	0	0	19	78	11	1
183	22.07.2019 23:14	0	2098	0	0	0	19	78	11	1
182	23.07.2019 00:14	0	2187	0	0	0	19	78	11	1
181	23.07.2019 01:14	0	2175	0	0	0	19	78	11	1
180	23.07.2019 02:14	0	2137	0	0	0	19	78	11	1
179	23.07.2019 03:14	0	2165	0	0	0	19	78	11	1
178	23.07.2019 04:14	0	2022	0	0	0	19	78	11	1
177	23.07.2019 05:14	2	2044	1	0	0	19	79	11	1
176	23.07.2019 06:14	0	2045	0	0	0	19	78	11	1
175	23.07.2019 07:14	0	1989	0	0	0	19	78	11	1
174	23.07.2019 08:14	0	1873	0	0	0	19	78	11	1
173	23.07.2019 09:14	0	1782	0	0	0	19	78	11	1
172	23.07.2019 10:14	0	1802	0	0	0	19	78	11	1
171	23.07.2019 11:14	0	1781	0	0	0	19	78	11	1
170	23.07.2019 12:14	0	1753	0	0	0	19	78	11	1
169	23.07.2019 13:14	0	1756	0	0	0	19	78	11	1
168	23.07.2019 14:14	0	1655	0	0	0	19	78	11	1
167	23.07.2019 15:14	0	1692	0	0	0	19	78	11	1
166	23.07.2019 16:14	0	1669	0	0	0	19	79	11	1
165	23.07.2019 17:14	0	1615	0	0	0	19	79	11	1
164	23.07.2019 18:14	0	1546	0	0	0	19	79	11	1
163	23.07.2019 19:14	0	1547	0	0	0	19	79	11	1
162	23.07.2019 20:14	0	1576	0	0	0	19	79	12	1
161	23.07.2019 21:14	0	1509	0	0	0	19	79	12	1
160	23.07.2019 22:14	0	1601	0	0	0	19	79	11	1
159	23.07.2019 23:14	2	1812	1	0	0	19	79	11	1
158	24.07.2019 00:14	0	1835	0	0	0	19	79	11	1
157	24.07.2019 01:14	2	1853	1	0	0	19	79	11	1
156	24.07.2019 02:14	0	1939	0	0	0	19	79	11	1
155	24.07.2019 03:14	0	1885	0	0	0	19	79	12	1
154	24.07.2019 04:14	0	1830	0	0	0	19	79	12	1
153	24.07.2019 05:14	0	1852	0	0	0	19	79	12	1
152	24.07.2019 06:14	0	1698	0	0	0	19	79	11	1
151	24.07.2019 07:14	0	1802	0	0	0	19	79	11	1
150	24.07.2019 08:14	0	1867	0	0	0	20	79	12	1
149	24.07.2019 09:14	0	1851	0	0	0	20	79	12	1
148	24.07.2019 10:14	0	1790	0	0	0	20	79	11	1
147	24.07.2019 11:14	0	1780	0	0	0	20	79	12	1
146	24.07.2019 12:14	0	1462	0	0	0	20	79	11	1
145	24.07.2019 13:14	0	1186	0	0	0	20	79	12	1
144	24.07.2019 14:14	0	951	0	0	0	20	79	12	1
143	24.07.2019 15:14	0	778	0	0	0	20	78	11	1
142	24.07.2019 16:14	0	530	0	0	0	21	76	10	1
141	24.07.2019 17:14	0	234	0	0	0	21	76	10	1
140	24.07.2019 18:14	0	175	0	0	0	20	76	10	1
139	24.07.2019 19:14	0	117	0	0	0	20	75	10	1
138	24.07.2019 20:14	0	165	0	0	0	20	75	10	1
137	24.07.2019 21:14	0	301	0	0	0	20	76	10	1
136	24.07.2019 22:14	0	460	0	0	0	20	76	10	1
135	24.07.2019 23:14	0	671	0	0	0	20	76	10	1
134	25.07.2019 00:14	0	797	0	0	0	20	76	11	1
133	25.07.2019 01:14	0	1014	0	0	0	20	76	11	1
132	25.07.2019 02:14	0	1116	0	0	0	20	77	11	1
131	25.07.2019 03:14	0	1233	0	0	0	20	77	11	1
130	25.07.2019 04:14	0	1332	0	0	0	20	77	11	1
129	25.07.2019 05:14	0	1437	0	0	0	20	77	11	1
128	25.07.2019 06:14	0	1497	0	0	0	20	77	11	1
127	25.07.2019 07:14	0	1466	0	0	0	20	77	11	1
126	25.07.2019 08:14	0	1538	0	0	0	20	77	11	1
125	25.07.2019 09:14	0	1636	0	0	0	20	77	11	1
124	25.07.2019 10:14	0	1619	0	0	0	20	77	11	1
123	25.07.2019 11:14	0	1760	0	0	0	20	77	11	1
122	25.07.2019 12:14	0	1883	0	0	0	20	77	11	1
121	25.07.2019 13:14	0	1843	0	0	0	20	77	11	1
120	25.07.2019 14:14	0	1756	0	0	0	20	77	11	1
119	25.07.2019 15:14	0	1788	0	0	0	20	78	11	1
118	25.07.2019 16:14	0	1712	0	0	0	20	78	11	1
117	25.07.2019 17:14	0	1671	0	0	0	20	78	11	1
116	25.07.2019 18:14	0	1584	0	0	0	20	78	11	1
115	25.07.2019 19:14	0	1573	0	0	0	20	78	11	1
114	25.07.2019 20:14	0	1527	0	0	0	20	78	11	1
113	25.07.2019 21:14	0	1574	0	0	0	20	78	11	1
112	25.07.2019 22:14	0	1566	0	0	0	20	78	11	1
111	25.07.2019 23:14	0	1616	0	0	0	20	78	11	1
110	26.07.2019 00:14	0	1729	0	0	0	20	78	12	1
109	26.07.2019 01:14	0	1716	0	0	0	20	78	11	1
108	26.07.2019 02:14	0	1831	0	0	0	20	78	11	1
107	26.07.2019 03:14	0	1721	0	0	0	20	78	11	1
106	26.07.2019 04:14	0	1627	0	0	0	20	78	12	1
105	26.07.2019 05:14	0	1646	0	0	0	20	78	11	1
104	26.07.2019 06:14	0	1624	0	0	0	20	78	12	1
103	26.07.2019 07:14	0	1683	0	0	0	20	78	11	1
102	26.07.2019 08:14	0	1668	0	0	0	20	78	11	1
101	26.07.2019 09:14	0	1729	0	0	0	20	78	12	1
100	26.07.2019 10:14	0	1750	0	0	0	20	78	11	1
99	26.07.2019 11:14	0	1749	0	0	0	20	78	11	1
98	26.07.2019 12:14	0	1462	0	0	0	20	78	11	1
97	26.07.2019 13:14	0	1139	0	0	0	21	77	11	1
96	26.07.2019 14:14	0	713	0	0	0	20	78	11	1
95	26.07.2019 15:14	0	712	0	0	0	20	78	11	1
94	26.07.2019 16:14	0	754	0	0	0	20	78	11	1
93	26.07.2019 17:14	0	802	0	0	0	20	78	11	1
92	26.07.2019 18:14	0	903	0	0	0	20	78	12	1
91	26.07.2019 19:14	0	926	0	0	0	20	78	11	1
90	26.07.2019 20:14	0	962	0	0	0	20	78	11	1
89	26.07.2019 21:14	0	1046	0	0	0	20	78	11	1
88	26.07.2019 22:14	0	1168	0	0	0	20	78	12	1
87	26.07.2019 23:14	0	1225	0	0	0	20	78	11	1
86	27.07.2019 00:14	0	1336	0	0	0	20	78	11	1
85	27.07.2019 01:14	0	1479	0	0	0	20	78	12	1
84	27.07.2019 02:14	0	1557	0	0	0	20	78	11	1
83	27.07.2019 03:14	0	1638	0	0	0	20	78	11	1
82	27.07.2019 04:14	0	1660	0	0	0	20	78	11	1
81	27.07.2019 05:14	0	1743	0	0	0	20	78	11	1
80	27.07.2019 06:14	0	1690	0	0	0	20	78	11	1
79	27.07.2019 07:14	0	1652	0	0	0	20	78	12	1
78	27.07.2019 08:14	0	1727	0	0	0	20	78	11	1
77	27.07.2019 09:14	0	1840	0	0	0	20	78	12	1
76	27.07.2019 10:14	0	1737	0	0	0	20	78	11	1
75	27.07.2019 11:14	0	1702	0	0	0	20	78	12	1
74	27.07.2019 12:14	0	1559	0	0	0	20	78	11	1
73	27.07.2019 13:14	0	1644	0	0	0	20	78	11	1
72	27.07.2019 14:14	0	1540	0	0	0	20	78	11	1
71	27.07.2019 15:14	0	1459	0	0	0	20	78	12	1
70	27.07.2019 16:14	0	1512	0	0	0	20	78	11	1
69	27.07.2019 17:14	0	1200	0	0	0	21	78	11	1
68	27.07.2019 18:14	0	762	0	0	0	21	78	12	1
67	27.07.2019 19:14	0	633	0	0	0	20	78	12	1
66	27.07.2019 20:14	0	657	0	0	0	20	79	12	1
65	27.07.2019 21:14	0	817	0	0	0	20	79	12	1
64	27.07.2019 22:14	0	935	0	0	0	20	79	12	1
63	27.07.2019 23:14	0	1134	0	0	0	20	79	12	1
62	28.07.2019 00:14	0	1139	0	0	0	20	79	12	1
61	28.07.2019 01:14	0	1219	0	0	0	20	79	12	1
60	28.07.2019 02:14	0	1331	0	0	0	20	79	12	1
59	28.07.2019 03:14	0	1400	0	0	0	20	79	12	1
58	28.07.2019 04:14	0	1473	0	0	0	20	79	12	1
57	28.07.2019 05:14	0	1437	0	0	0	20	79	12	1
56	28.07.2019 06:14	0	1578	0	0	0	20	79	12	1
55	28.07.2019 07:14	0	1582	0	0	0	20	79	12	1
54	28.07.2019 08:14	0	1603	0	0	0	21	79	12	1
53	28.07.2019 09:14	0	1511	0	0	0	21	79	12	1
52	28.07.2019 10:14	0	1538	0	0	0	21	79	12	1
51	28.07.2019 11:14	0	1526	0	0	0	21	79	12	1
50	28.07.2019 12:14	0	1558	0	0	0	21	79	12	1
49	28.07.2019 13:14	0	1597	0	0	0	21	79	12	1
48	28.07.2019 14:14	0	1520	0	0	0	21	79	12	1
47	28.07.2019 15:14	0	1526	0	0	0	21	79	12	1
46	28.07.2019 16:14	0	1606	0	0	0	21	79	12	1
45	28.07.2019 17:14	0	1621	0	0	0	21	79	12	1
44	28.07.2019 18:14	0	1671	0	0	0	21	79	12	1
43	28.07.2019 19:14	0	1652	0	0	0	21	79	12	1
42	28.07.2019 20:14	0	1680	0	0	0	21	79	12	1
41	28.07.2019 21:14	0	1856	0	0	0	21	79	12	1
40	28.07.2019 22:14	0	1915	0	0	0	21	79	12	1
39	28.07.2019 23:14	0	2001	0	0	0	21	79	12	1
38	29.07.2019 00:14	0	2054	0	0	0	21	79	12	1
37	29.07.2019 01:14	0	2063	0	0	0	21	80	12	1
36	29.07.2019 02:14	0	1918	0	0	0	21	80	12	1
35	29.07.2019 03:14	0	1928	0	0	0	21	80	12	1
34	29.07.2019 04:14	0	1913	0	0	0	21	80	12	1
33	29.07.2019 05:14	0	1825	0	0	0	21	80	12	1
32	29.07.2019 06:14	0	1821	0	0	0	21	80	12	1
31	29.07.2019 07:14	0	1707	0	0	0	21	80	12	1
30	29.07.2019 08:14	0	1632	0	0	0	21	80	12	1
29	29.07.2019 09:14	0	1636	0	0	0	21	80	12	1
28	29.07.2019 10:14	0	1604	0	0	0	21	80	12	1
27	29.07.2019 11:14	0	1678	0	0	0	21	80	12	1
26	29.07.2019 12:14	0	1570	0	0	0	21	79	12	1
25	29.07.2019 13:14	0	1570	0	0	0	21	79	12	1
24	29.07.2019 14:14	0	1575	0	0	0	21	80	12	1
23	29.07.2019 15:14	0	1453	0	0	0	21	80	13	1
22	29.07.2019 16:14	0	1348	0	0	0	21	80	13	1
21	29.07.2019 17:14	0	1320	0	0	0	21	80	13	1
20	29.07.2019 18:14	0	1316	0	0	0	21	80	13	1
19	29.07.2019 19:14	0	1277	0	0	0	21	80	13	1
18	29.07.2019 20:14	0	1202	0	0	0	21	80	13	1
17	29.07.2019 21:14	0	1129	0	0	0	21	80	13	1
16	29.07.2019 22:14	0	1287	0	0	0	21	80	13	1
15	29.07.2019 23:14	0	1293	0	0	0	21	80	13	1
14	30.07.2019 00:14	0	1358	0	0	0	21	80	13	1
13	30.07.2019 01:14	0	1549	0	0	0	21	80	13	1
12	30.07.2019 02:14	2	1570	1	0	0	21	80	13	1
11	30.07.2019 03:14	0	1572	0	0	0	21	81	13	1
10	30.07.2019 04:14	0	1542	0	0	0	21	81	13	1
9	30.07.2019 05:14	0	1520	0	0	0	21	81	14	1
8	30.07.2019 06:14	0	1592	0	0	0	21	81	14	1
7	30.07.2019 07:14	0	1468	0	0	0	21	81	14	1
6	30.07.2019 08:14	0	1390	0	0	0	21	81	14	1
5	30.07.2019 09:14	0	1429	0	0	0	21	80	13	1
4	30.07.2019 10:14	0	1371	0	0	0	21	81	13	1
3	30.07.2019 11:14	0	1276	0	0	0	21	81	13	1
2	30.07.2019 12:14	0	1381	0	0	0	21	81	13	1
1	30.07.2019 13:14	0	1261	0	0	0	21	81	14	1
