záznam	cas	radon[Bq/m3]	sum1	sum2	sum3	sum4	Teplota[°C]	Vlhkost[%]	HV	Algorit.	
1	11.06.2019 14:22	303	64	76	31	0	25	50	7	1	
2	11.06.2019 15:22	291	41	59	44	0	25	50	7	1	
3	11.06.2019 16:22	310	46	70	37	0	26	50	7	1	
4	11.06.2019 17:22	301	56	64	40	0	26	50	7	1	
5	11.06.2019 18:22	328	54	64	52	0	25	50	7	1	
6	11.06.2019 19:22	255	44	55	35	0	25	50	7	1	
7	11.06.2019 20:22	246	41	57	30	0	25	50	7	1	
8	11.06.2019 21:22	289	65	59	43	0	25	50	7	1	
9	11.06.2019 22:22	267	41	67	25	0	26	50	7	1	
10	11.06.2019 23:22	255	52	58	32	0	25	50	7	1	
11	12.06.2019 00:22	234	46	56	26	0	25	51	7	1	
12	12.06.2019 01:22	288	52	60	41	0	25	51	7	1	
13	12.06.2019 02:22	265	44	59	34	0	25	51	7	1	
14	12.06.2019 03:22	357	59	73	52	0	25	51	7	1	
15	12.06.2019 04:22	397	61	83	56	0	25	51	7	1	
16	12.06.2019 05:22	386	65	79	55	0	25	52	7	1	
17	12.06.2019 06:22	412	56	79	64	0	25	52	7	1	
18	12.06.2019 07:22	475	51	85	80	0	25	52	7	1	
19	12.06.2019 08:22	377	56	67	64	0	25	52	7	1	
20	12.06.2019 09:22	362	44	65	62	0	25	51	7	1	
21	12.06.2019 10:22	274	41	46	50	0	25	51	7	1	
22	12.06.2019 11:22	297	45	60	44	0	25	51	7	1	
23	12.06.2019 12:22	243	52	61	25	0	25	50	7	1	
24	12.06.2019 13:22	218	53	46	31	0	25	50	7	1	
25	12.06.2019 14:22	249	47	52	34	0	26	50	7	1	
26	12.06.2019 15:22	261	53	58	33	0	26	49	7	1	
27	12.06.2019 16:22	284	40	58	41	0	26	49	7	1	
28	12.06.2019 17:22	258	52	60	30	0	26	49	7	1	
29	12.06.2019 18:22	244	60	62	23	0	26	49	7	1	
30	12.06.2019 19:22	250	46	50	37	0	26	49	7	1	
31	12.06.2019 20:22	267	49	59	33	0	26	50	7	1	
32	12.06.2019 21:22	252	61	54	33	0	26	50	7	1	
33	12.06.2019 22:22	264	56	55	36	0	26	50	7	1	
34	12.06.2019 23:22	293	42	59	42	0	26	50	7	1	
35	13.06.2019 00:22	327	40	68	45	0	26	50	7	1	
36	13.06.2019 01:22	308	56	62	46	0	25	51	7	1	
37	13.06.2019 02:22	382	45	83	51	0	25	51	7	1	
38	13.06.2019 03:22	331	45	63	53	0	25	51	7	1	
39	13.06.2019 04:22	314	44	56	54	0	25	51	7	1	
40	13.06.2019 05:22	351	47	80	43	0	25	51	7	1	
41	13.06.2019 06:22	320	50	59	54	0	25	50	7	1	
42	13.06.2019 07:22	328	54	69	47	0	25	50	7	1	
43	13.06.2019 08:22	269	49	54	41	0	25	50	7	1	
44	13.06.2019 09:22	252	48	54	35	0	25	50	7	1	
45	13.06.2019 10:22	294	47	60	45	0	25	49	7	1	
46	13.06.2019 11:22	270	59	60	34	0	26	49	7	1	
47	13.06.2019 12:22	276	57	70	26	0	26	49	7	1	
48	13.06.2019 13:22	290	56	68	34	0	26	48	7	1	
49	13.06.2019 14:22	356	48	75	50	0	26	48	7	1	
50	13.06.2019 15:22	427	55	88	62	0	26	48	7	1	
51	13.06.2019 16:22	373	50	77	54	0	26	48	7	1	
52	13.06.2019 17:22	348	48	75	47	0	26	48	7	1	
53	13.06.2019 18:22	385	48	78	57	0	26	48	7	1	
54	13.06.2019 19:22	336	50	63	55	0	26	48	7	1	
55	13.06.2019 20:22	330	53	71	44	0	26	49	7	1	
56	13.06.2019 21:22	316	38	65	45	0	26	49	7	1	
57	13.06.2019 22:22	302	53	59	46	0	26	49	7	1	
58	13.06.2019 23:22	281	55	56	41	0	26	50	7	1	
59	14.06.2019 00:22	269	39	51	42	0	26	50	7	1	
60	14.06.2019 01:22	246	42	59	26	0	26	50	7	1	
61	14.06.2019 02:22	269	50	56	37	0	26	50	7	1	
62	14.06.2019 03:22	287	48	58	41	0	26	50	7	1	
63	14.06.2019 04:22	310	52	67	39	0	26	51	7	1	
64	14.06.2019 05:22	269	66	50	42	0	26	51	7	1	
65	14.06.2019 06:22	307	59	64	41	0	26	51	7	1	
66	14.06.2019 07:22	310	58	69	37	0	26	51	7	1	
67	14.06.2019 08:22	342	41	76	42	0	26	50	7	1	
68	14.06.2019 09:22	330	53	66	48	0	26	50	7	1	
69	14.06.2019 10:22	435	64	94	56	0	26	50	7	1	
70	14.06.2019 11:22	316	55	55	54	0	26	50	7	1	
71	14.06.2019 12:22	339	58	68	49	0	26	50	7	1	
72	14.06.2019 13:22	342	41	69	49	0	26	50	7	1	
73	14.06.2019 14:22	330	57	81	33	0	26	50	7	1	
74	14.06.2019 15:22	319	49	66	45	0	26	49	7	1	
75	14.06.2019 16:22	293	50	64	38	0	26	49	7	1	
76	14.06.2019 17:22	397	50	78	60	0	26	49	7	1	
77	14.06.2019 18:22	382	53	77	56	0	26	49	7	1	
78	14.06.2019 19:22	330	56	79	36	0	26	49	7	1	
79	14.06.2019 20:22	327	59	62	51	0	26	50	7	1	
80	14.06.2019 21:22	365	45	76	50	0	26	50	7	1	
81	14.06.2019 22:22	348	63	65	55	0	26	50	7	1	
82	14.06.2019 23:22	304	52	62	43	0	26	50	7	1	
83	15.06.2019 00:22	339	58	54	63	0	26	50	7	1	
84	15.06.2019 01:22	289	55	54	45	0	26	51	7	1	
85	15.06.2019 02:22	254	52	51	36	0	26	51	7	1	
86	15.06.2019 03:22	220	51	42	34	0	26	50	7	1	
87	15.06.2019 04:22	197	43	40	28	0	26	50	7	1	
88	15.06.2019 05:22	289	64	57	42	0	26	51	7	1	
89	15.06.2019 06:22	310	67	66	40	0	26	51	7	1	
90	15.06.2019 07:22	275	54	52	42	0	26	51	7	1	
91	15.06.2019 08:22	313	53	57	50	0	26	51	7	1	
92	15.06.2019 09:22	245	44	50	34	0	26	51	7	1	
93	15.06.2019 10:22	248	52	51	34	0	26	51	7	1	
94	15.06.2019 11:22	278	43	57	38	0	26	51	7	1	
95	15.06.2019 12:22	336	48	69	46	0	26	51	7	1	
96	15.06.2019 13:22	302	63	68	33	0	27	51	7	1	
97	15.06.2019 14:22	413	56	82	56	0	27	51	7	1	
98	15.06.2019 15:22	371	50	72	52	0	27	51	7	1	
99	15.06.2019 16:22	403	57	70	66	0	27	50	7	1	
100	15.06.2019 17:22	362	51	76	49	0	26	50	7	1	
101	15.06.2019 18:22	336	68	64	52	0	26	50	7	1	
102	15.06.2019 19:22	383	50	78	53	0	26	51	7	1	
103	15.06.2019 20:22	345	56	64	54	0	26	51	7	1	
104	15.06.2019 21:22	313	55	52	55	0	26	51	7	1	
105	15.06.2019 22:22	397	59	88	48	0	26	51	7	1	
106	15.06.2019 23:22	421	64	75	69	0	26	51	7	1	
107	16.06.2019 00:22	389	54	73	60	0	26	51	7	1	
108	16.06.2019 01:22	392	44	73	61	0	26	51	7	1	
109	16.06.2019 02:22	318	44	65	44	0	26	51	7	1	
110	16.06.2019 03:22	310	52	60	46	0	26	51	7	1	
111	16.06.2019 04:22	330	52	67	46	0	26	51	7	1	
112	16.06.2019 05:22	275	67	57	37	0	26	51	7	1	
113	16.06.2019 06:22	295	53	57	44	0	26	51	7	1	
114	16.06.2019 07:22	336	53	78	37	0	26	51	7	1	
115	16.06.2019 08:22	330	61	67	46	0	26	51	7	1	
116	16.06.2019 09:22	286	60	53	45	0	26	51	7	1	
117	16.06.2019 10:22	278	60	56	39	0	26	51	7	1	
118	16.06.2019 11:22	272	57	54	39	0	26	51	7	1	
119	16.06.2019 12:22	228	51	41	37	1	26	51	7	1	
120	16.06.2019 13:22	220	54	51	25	0	26	50	7	1	
121	16.06.2019 14:22	207	44	51	21	0	26	49	7	1	
122	16.06.2019 15:22	258	41	60	30	0	26	49	7	1	
123	16.06.2019 16:22	284	55	54	45	0	26	49	7	1	
124	16.06.2019 17:22	262	51	59	33	0	26	48	7	1	
125	16.06.2019 18:22	265	40	44	49	0	26	48	7	1	
126	16.06.2019 19:22	265	35	58	36	0	26	47	7	1	
127	16.06.2019 20:22	260	62	56	36	0	26	47	7	1	
128	16.06.2019 21:22	262	57	52	41	0	26	47	7	1	
129	16.06.2019 22:22	251	52	60	29	0	26	47	7	1	
130	16.06.2019 23:22	291	45	67	36	0	26	47	7	1	
131	17.06.2019 00:22	313	47	67	44	0	26	47	7	1	
132	17.06.2019 01:22	350	51	81	43	0	26	47	7	1	
133	17.06.2019 02:22	375	41	73	60	0	26	47	7	1	
134	17.06.2019 03:22	342	58	67	57	0	25	47	7	1	
135	17.06.2019 04:22	331	56	66	54	0	25	47	7	1	
136	17.06.2019 05:22	397	42	80	64	0	25	47	7	1	
137	17.06.2019 06:22	311	65	61	52	0	25	47	7	1	
138	17.06.2019 07:22	395	42	85	55	0	26	47	7	1	
139	17.06.2019 08:22	387	54	70	67	0	26	47	7	1	
140	17.06.2019 09:22	333	58	70	49	0	26	46	7	1	
141	17.06.2019 10:22	445	58	90	69	0	26	46	7	1	
142	17.06.2019 11:22	280	49	56	44	0	26	46	7	1	
143	17.06.2019 12:22	266	64	54	41	0	26	46	7	1	
144	17.06.2019 13:22	291	63	61	44	0	26	45	7	1	
145	17.06.2019 14:22	271	48	51	47	0	26	45	7	1	
146	17.06.2019 15:22	260	51	53	41	0	26	45	7	1	
147	17.06.2019 16:22	299	60	66	43	0	26	44	7	1	
148	17.06.2019 17:22	310	55	70	43	0	26	44	7	1	
149	17.06.2019 18:22	335	54	71	51	0	26	44	7	1	
150	17.06.2019 19:22	304	56	57	54	0	26	44	7	1	
151	17.06.2019 20:22	351	48	69	59	0	26	44	7	1	
152	17.06.2019 21:22	310	57	67	46	0	26	44	7	1	
153	17.06.2019 22:22	384	58	81	59	0	26	44	7	1	
154	17.06.2019 23:22	435	49	86	71	0	26	45	7	1	
155	18.06.2019 00:22	414	59	83	70	0	25	45	7	1	
156	18.06.2019 01:22	438	59	94	68	0	25	45	7	1	
157	18.06.2019 02:22	409	52	77	73	0	25	46	7	1	
158	18.06.2019 03:22	377	56	81	57	0	25	46	7	1	
159	18.06.2019 04:22	374	68	69	68	0	25	46	7	1	
160	18.06.2019 05:22	377	54	71	67	0	25	46	7	1	
161	18.06.2019 06:22	327	57	71	49	0	25	46	7	1	
162	18.06.2019 07:22	284	59	60	45	0	25	45	7	1	
163	18.06.2019 08:22	302	59	64	46	0	26	44	7	1	
164	18.06.2019 09:22	294	52	61	45	0	26	45	7	1	
165	18.06.2019 10:22	299	59	62	46	0	26	45	7	1	
166	18.06.2019 11:22	246	49	57	32	0	26	45	7	1	
167	18.06.2019 12:22	252	48	62	29	0	26	45	7	1	
168	18.06.2019 13:22	255	45	54	39	0	26	44	7	1	
169	18.06.2019 14:22	249	52	53	38	0	26	44	7	1	
170	18.06.2019 15:22	285	56	66	38	0	26	44	7	1	
171	18.06.2019 16:22	266	52	62	35	0	26	44	7	1	
172	18.06.2019 17:22	285	61	64	40	0	26	44	7	1	
173	18.06.2019 18:22	318	49	82	34	0	26	44	7	1	
174	18.06.2019 19:22	412	53	84	66	0	26	44	7	1	
175	18.06.2019 20:22	431	61	99	58	0	26	44	7	1	
176	18.06.2019 21:22	398	64	69	76	0	26	44	7	1	
177	18.06.2019 22:22	401	57	83	63	0	26	44	7	1	
178	18.06.2019 23:22	492	58	99	83	0	25	45	7	1	
179	19.06.2019 00:22	441	68	81	82	0	25	45	7	1	
180	19.06.2019 01:22	446	65	96	69	0	25	45	7	1	
181	19.06.2019 02:22	387	51	67	76	0	25	45	7	1	
182	19.06.2019 03:22	341	51	69	57	0	25	45	7	1	
183	19.06.2019 04:22	358	54	78	53	0	25	46	7	1	
184	19.06.2019 05:22	407	56	80	69	0	25	46	7	1	
185	19.06.2019 06:22	459	48	81	87	0	25	46	7	1	
186	19.06.2019 07:22	363	53	71	62	0	25	46	7	1	
187	19.06.2019 08:22	322	50	70	44	0	26	47	7	1	
188	19.06.2019 09:22	409	35	92	53	0	26	47	7	1	
189	19.06.2019 10:22	342	43	66	55	0	26	47	7	1	
190	19.06.2019 11:22	378	60	78	56	0	26	47	7	1	
191	19.06.2019 12:22	359	67	69	58	0	26	47	7	1	
192	19.06.2019 13:22	373	62	69	63	0	26	47	7	1	
193	19.06.2019 14:22	367	54	71	59	0	26	47	7	1	
194	19.06.2019 15:22	384	59	80	56	0	26	47	7	1	
195	19.06.2019 16:22	288	60	57	46	0	26	46	7	1	
196	19.06.2019 17:22	285	44	52	50	0	26	46	7	1	
197	19.06.2019 18:22	257	56	54	38	0	26	46	7	1	
198	19.06.2019 19:22	240	45	56	30	0	26	46	7	1	
199	19.06.2019 20:22	291	42	65	38	0	26	47	7	1	
200	19.06.2019 21:22	302	58	65	42	0	26	47	7	1	
201	19.06.2019 22:22	407	48	91	53	0	26	47	7	1	
202	19.06.2019 23:22	525	67	121	65	0	26	47	7	1	
203	20.06.2019 00:22	506	72	85	94	0	26	47	7	1	
204	20.06.2019 01:22	467	55	85	79	0	26	48	7	1	
205	20.06.2019 02:22	464	56	78	85	0	26	48	7	1	
206	20.06.2019 03:22	450	41	88	70	0	26	48	7	1	
207	20.06.2019 04:22	431	50	84	71	0	25	48	7	1	
208	20.06.2019 05:22	406	65	84	62	0	25	48	7	1	
209	20.06.2019 06:22	411	67	78	71	0	25	47	7	1	
210	20.06.2019 07:22	373	59	70	62	0	26	47	7	1	
211	20.06.2019 08:22	375	59	78	55	0	26	47	7	1	
212	20.06.2019 09:22	440	47	78	78	0	26	47	7	1	
213	20.06.2019 10:22	375	49	69	64	0	26	47	7	1	
214	09.07.2019 13:06	9358	561	3915	739	1	19	33	8	1	
215	09.07.2019 14:06	17478	932	5019	3567	1	18	36	7	1	
216	09.07.2019 15:06	17625	843	3760	4692	4	18	38	7	1	
217	09.07.2019 16:06	14244	685	2739	3936	2	18	40	7	1	
218	09.07.2019 17:06	11118	464	2115	3037	1	18	41	7	1	
219	09.07.2019 18:06	8569	419	1606	2322	1	18	42	7	1	
220	09.07.2019 19:06	6483	324	1130	1810	1	18	43	7	1	
221	09.07.2019 20:06	5083	266	987	1271	0	18	45	7	1	
222	09.07.2019 21:06	4516	205	911	1075	0	18	46	8	1	
223	09.07.2019 22:06	3941	209	815	901	0	18	47	7	1	
224	09.07.2019 23:06	3647	196	758	815	1	18	48	8	1	
225	10.07.2019 00:06	3539	175	725	787	0	18	49	7	1	
226	10.07.2019 01:06	3293	166	675	719	0	18	50	7	1	
227	10.07.2019 02:06	3033	160	627	657	0	18	50	7	1	
228	10.07.2019 03:06	3013	163	604	660	0	18	51	8	1	
229	10.07.2019 04:06	2973	171	600	636	0	18	52	7	1	
230	10.07.2019 05:06	2877	134	574	622	0	18	52	7	1	
231	10.07.2019 06:06	2822	138	535	628	0	18	53	7	1	
232	10.07.2019 07:06	2697	128	528	574	0	18	54	7	1	
233	10.07.2019 08:06	2499	134	495	526	0	18	54	7	1	
234	10.07.2019 09:06	2527	126	494	530	0	18	55	7	1	
235	10.07.2019 10:06	2512	127	496	522	0	18	55	7	1	
236	10.07.2019 11:06	2497	131	522	490	0	18	55	7	1	
237	10.07.2019 12:06	2523	131	512	502	0	18	56	8	1	
238	10.07.2019 13:06	2478	129	502	494	0	18	56	8	1	
239	10.07.2019 14:06	2593	122	535	507	0	18	56	7	1	
240	10.07.2019 15:06	2508	108	487	513	0	18	57	7	1	
241	10.07.2019 16:06	2802	101	579	538	0	18	57	8	1	
242	10.07.2019 17:06	2877	128	571	576	0	18	57	7	1	
243	10.07.2019 18:06	2941	130	569	594	0	18	58	7	1	
244	10.07.2019 19:06	2812	108	518	594	0	18	58	7	1	
245	10.07.2019 20:06	2851	127	557	562	0	18	59	7	1	
246	10.07.2019 21:06	3076	134	616	591	0	18	59	8	1	
247	10.07.2019 22:06	3289	137	628	653	0	18	60	7	1	
248	10.07.2019 23:06	3346	113	657	646	0	18	60	7	1	
249	11.07.2019 00:06	3400	109	617	707	1	18	60	7	1	
250	11.07.2019 01:06	3348	101	628	676	0	18	60	7	1	
251	11.07.2019 02:06	3104	124	553	647	0	18	61	7	1	
252	11.07.2019 03:06	3104	92	572	628	0	18	61	7	1	
253	11.07.2019 04:06	2765	107	527	542	0	18	61	7	1	
254	11.07.2019 05:06	2742	120	540	520	0	18	61	7	1	
255	11.07.2019 06:06	2654	111	503	523	0	18	61	7	1	
256	11.07.2019 07:06	2628	103	473	543	0	18	61	8	1	
257	11.07.2019 08:06	2656	92	505	514	0	18	62	7	1	
258	11.07.2019 09:06	2593	107	514	481	0	18	62	8	1	
259	11.07.2019 10:06	2684	92	516	514	0	18	62	7	1	
260	11.07.2019 11:06	3013	113	572	576	0	18	63	7	1	
261	11.07.2019 12:06	2961	99	563	565	0	18	63	7	1	
262	11.07.2019 13:06	3027	77	561	592	0	18	63	7	1	
263	11.07.2019 14:06	2814	99	483	589	0	18	63	7	1	
264	11.07.2019 15:06	2801	105	493	574	0	18	63	7	1	
265	11.07.2019 16:06	2802	105	517	543	0	18	64	8	1	
266	11.07.2019 17:06	2781	96	543	509	0	18	64	7	1	
267	11.07.2019 18:06	2953	83	543	574	0	18	64	7	1	
268	11.07.2019 19:06	2840	106	537	530	0	18	65	7	1	
269	11.07.2019 20:06	3069	96	532	621	0	18	65	8	1	
270	11.07.2019 21:06	3067	96	578	574	0	18	65	8	1	
271	11.07.2019 22:06	3272	86	620	609	0	18	65	8	1	
272	11.07.2019 23:06	3535	111	654	665	0	18	66	7	1	
273	12.07.2019 00:06	3538	99	643	677	0	18	66	7	1	
274	12.07.2019 01:06	3332	103	556	687	0	18	66	8	1	
275	12.07.2019 02:06	2929	77	486	607	0	18	66	8	1	
276	12.07.2019 03:06	2731	84	494	525	0	18	66	7	1	
277	12.07.2019 04:06	2798	95	523	514	0	18	67	8	1	
278	12.07.2019 05:06	2828	103	510	538	0	18	67	8	1	
279	12.07.2019 06:06	2928	106	531	554	0	18	67	8	1	
280	12.07.2019 07:06	2906	103	494	576	0	18	68	8	1	
281	12.07.2019 08:06	2787	102	485	541	0	18	68	8	1	
282	12.07.2019 09:06	2814	108	520	516	0	18	68	8	1	
283	12.07.2019 10:06	2843	78	514	526	0	18	69	8	1	
284	12.07.2019 11:06	2799	69	514	510	0	18	69	8	1	
285	12.07.2019 12:06	2824	94	507	526	0	18	69	8	1	
286	12.07.2019 13:06	2851	100	499	544	0	18	69	8	1	
287	12.07.2019 14:06	2564	86	452	486	0	18	69	7	1	
288	12.07.2019 15:06	2622	92	468	485	0	18	70	7	1	
289	12.07.2019 16:06	2575	81	459	477	0	18	70	8	1	
290	12.07.2019 17:06	2597	86	459	485	0	18	70	8	1	
291	12.07.2019 18:06	2330	88	395	452	0	18	70	8	1	
292	12.07.2019 19:06	2289	73	413	414	0	18	71	8	1	
293	12.07.2019 20:06	2461	103	474	415	0	18	71	8	1	
294	12.07.2019 21:06	2621	89	478	469	0	18	71	8	1	
295	12.07.2019 22:06	2735	76	481	507	0	18	71	8	1	
296	12.07.2019 23:06	2738	82	460	529	0	18	71	8	1	
297	13.07.2019 00:06	2765	83	484	509	0	18	72	8	1	
298	13.07.2019 01:06	2554	74	446	471	0	18	72	8	1	
299	13.07.2019 02:06	2392	79	415	444	0	18	72	8	1	
300	13.07.2019 03:06	2490	66	435	459	0	18	72	8	1	
301	13.07.2019 04:06	2492	71	445	450	0	18	72	8	1	
302	13.07.2019 05:06	2548	78	439	476	0	18	72	8	1	
303	13.07.2019 06:06	2526	81	442	465	0	18	72	8	1	
304	13.07.2019 07:06	2550	78	451	459	0	18	73	8	1	
305	13.07.2019 08:06	2564	97	448	467	0	18	73	7	1	
306	13.07.2019 09:06	2564	87	431	484	0	18	73	8	1	
307	13.07.2019 10:06	2488	87	430	458	0	18	73	8	1	
308	13.07.2019 11:06	2583	72	441	481	0	18	73	8	1	
309	13.07.2019 12:06	2384	71	409	442	0	18	73	8	1	
310	13.07.2019 13:06	2739	66	464	508	0	18	74	8	1	
311	13.07.2019 14:06	2522	72	441	454	1	18	74	8	1	
312	13.07.2019 15:06	2596	79	458	463	0	18	74	8	1	
313	13.07.2019 16:06	2350	84	401	433	0	18	74	8	1	
314	13.07.2019 17:06	2393	81	410	439	0	18	74	8	1	
315	13.07.2019 18:06	2280	75	401	408	0	18	74	8	1	
316	13.07.2019 19:06	2449	68	407	462	0	18	74	7	1	
317	13.07.2019 20:06	2497	73	459	427	0	18	74	8	1	
318	13.07.2019 21:06	2469	70	437	439	0	18	74	7	1	
319	13.07.2019 22:06	2494	86	423	462	0	18	74	8	1	
320	13.07.2019 23:06	2511	81	436	455	0	18	74	7	1	
321	14.07.2019 00:06	2505	72	410	479	0	18	74	8	1	
322	14.07.2019 01:06	2353	69	401	434	0	18	74	8	1	
323	14.07.2019 02:06	2359	71	433	404	0	18	74	7	1	
324	14.07.2019 03:06	2577	87	461	448	0	18	75	8	1	
325	14.07.2019 04:06	2639	86	465	466	0	18	75	8	1	
326	14.07.2019 05:06	2387	82	421	421	0	18	75	8	1	
327	14.07.2019 06:06	2344	60	404	423	0	18	75	8	1	
328	14.07.2019 07:06	2500	60	419	463	0	18	75	8	1	
329	14.07.2019 08:06	2327	65	411	410	0	18	75	8	1	
330	14.07.2019 09:06	2415	78	439	413	0	18	75	8	1	
331	14.07.2019 10:06	2557	83	409	493	0	18	75	8	1	
332	14.07.2019 11:06	2265	80	377	422	0	18	75	8	1	
333	14.07.2019 12:06	2704	66	492	462	0	18	75	8	1	
334	14.07.2019 13:06	2639	74	466	465	0	18	75	8	1	
335	14.07.2019 14:06	2883	101	507	510	0	18	75	8	1	
336	14.07.2019 15:06	3082	75	532	549	0	18	76	8	1	
337	14.07.2019 16:06	2990	73	496	553	0	18	76	8	1	
338	14.07.2019 17:06	2768	78	441	530	0	18	76	8	1	
339	14.07.2019 18:06	2740	68	441	520	1	18	76	8	1	
340	14.07.2019 19:06	2523	69	436	449	0	18	76	8	1	
341	14.07.2019 20:06	2534	65	440	449	0	18	76	8	1	
342	14.07.2019 21:06	2594	70	451	459	0	18	76	8	1	
343	14.07.2019 22:06	2440	78	405	451	0	18	76	8	1	
344	14.07.2019 23:06	2286	82	390	412	1	18	76	8	1	
345	15.07.2019 00:06	2442	62	411	441	0	18	77	8	1	
346	15.07.2019 01:06	2560	67	475	418	0	18	77	8	1	
347	15.07.2019 02:06	2431	68	435	413	0	18	77	8	1	
348	15.07.2019 03:06	2505	71	433	441	0	18	77	8	1	
349	15.07.2019 04:06	2511	78	421	455	0	18	77	8	1	
350	15.07.2019 05:06	2457	80	433	424	0	18	77	8	1	
351	15.07.2019 06:06	2242	62	376	406	0	18	77	8	1	
352	15.07.2019 07:06	2399	72	413	424	0	18	77	8	1	
353	15.07.2019 08:06	2494	92	451	419	0	18	77	7	1	
354	15.07.2019 09:06	2525	74	477	404	0	18	77	8	1	
355	15.07.2019 10:06	2697	78	495	446	0	18	77	8	1	
356	15.07.2019 11:06	2798	89	488	488	0	18	77	7	1	
357	15.07.2019 12:06	2574	81	427	471	0	18	77	8	1	
358	15.07.2019 13:06	2663	87	462	467	0	18	77	8	1	
359	15.07.2019 14:06	2769	82	494	472	0	18	77	8	1	
360	15.07.2019 15:06	2881	68	500	505	0	18	77	8	1	
361	15.07.2019 16:06	3136	97	560	534	0	18	77	8	1	
362	15.07.2019 17:06	3050	88	500	564	0	18	77	8	1	
363	15.07.2019 18:06	3122	97	516	573	0	18	77	8	1	
364	15.07.2019 19:06	2999	77	515	531	1	18	77	8	1	
365	15.07.2019 20:06	3122	76	536	553	0	18	77	8	1	
366	15.07.2019 21:06	3004	77	502	546	0	18	77	8	1	
367	15.07.2019 22:06	3036	86	513	546	0	18	77	8	1	
368	15.07.2019 23:06	3110	83	544	541	0	18	77	8	1	
369	16.07.2019 00:06	2884	70	479	527	0	18	77	8	1	
370	16.07.2019 01:06	2898	80	487	524	0	18	77	8	1	
371	16.07.2019 02:06	2591	69	455	449	0	18	77	8	1	
372	16.07.2019 03:06	2609	77	448	462	0	18	77	8	1	
373	16.07.2019 04:06	2460	78	405	453	0	18	77	8	1	
374	16.07.2019 05:06	2525	79	429	452	0	18	77	8	1	
375	16.07.2019 06:06	2356	82	398	424	0	18	77	7	1	
376	16.07.2019 07:06	2330	73	428	385	0	18	77	8	1	
377	16.07.2019 08:06	2557	77	430	462	0	18	77	8	1	
378	16.07.2019 09:06	2379	75	411	419	0	18	77	8	1	
379	16.07.2019 10:06	2503	69	425	448	0	18	77	8	1	
380	16.07.2019 11:06	2416	71	419	424	0	18	77	8	1	
381	16.07.2019 12:06	2414	86	397	445	0	18	77	8	1	
382	16.07.2019 13:06	2396	80	431	405	0	18	77	8	1	
383	16.07.2019 14:06	2594	73	456	449	0	18	77	8	1	
384	16.07.2019 15:06	2789	87	482	491	0	18	77	8	1	
385	16.07.2019 16:06	2890	82	508	500	0	18	77	8	1	
386	16.07.2019 17:06	2603	85	439	469	0	18	77	8	1	
387	16.07.2019 18:06	2706	78	458	486	0	18	77	8	1	
388	16.07.2019 19:06	2723	73	450	500	0	18	77	8	1	
389	16.07.2019 20:06	2419	92	411	433	0	18	77	8	1	
390	16.07.2019 21:06	2476	78	425	434	0	18	78	8	1	
391	16.07.2019 22:06	2715	80	459	483	0	18	78	8	1	
392	16.07.2019 23:06	2692	88	474	460	0	18	78	8	1	
393	17.07.2019 00:06	2531	71	437	446	0	18	77	8	1	
394	17.07.2019 01:06	2629	76	430	487	0	18	77	8	1	
395	17.07.2019 02:06	2376	72	413	416	0	18	77	8	1	
396	17.07.2019 03:06	2485	64	427	440	0	18	77	8	1	
397	17.07.2019 04:06	2351	52	392	428	0	18	77	8	1	
398	17.07.2019 05:06	2316	98	390	418	0	18	77	8	1	
399	17.07.2019 06:06	2313	72	395	412	0	18	77	8	1	
400	17.07.2019 07:06	2408	83	417	423	0	18	77	8	1	
401	17.07.2019 08:06	2402	80	418	420	0	18	77	8	1	
402	17.07.2019 09:06	2184	73	383	379	0	18	77	7	1	
403	17.07.2019 10:06	2437	71	425	425	0	18	77	8	1	
404	17.07.2019 11:06	2474	78	403	460	0	18	77	8	1	
405	17.07.2019 12:06	2414	83	427	415	0	18	77	8	1	
406	17.07.2019 13:06	2672	76	467	465	0	18	77	8	1	
407	17.07.2019 14:06	2689	73	472	466	0	18	77	8	1	
408	17.07.2019 15:06	2686	79	446	486	0	18	78	8	1	
409	17.07.2019 16:06	2508	80	425	445	0	18	78	8	1	
410	17.07.2019 17:06	2453	73	409	442	0	18	78	8	1	
411	17.07.2019 18:06	2141	86	347	396	1	18	78	8	1	
412	17.07.2019 19:06	2196	81	375	387	0	18	78	8	1	
413	17.07.2019 20:06	1919	77	342	324	0	18	78	8	1	
414	17.07.2019 21:06	1989	66	341	349	0	18	78	8	1	
415	17.07.2019 22:06	2159	66	392	357	0	18	78	8	1	
416	17.07.2019 23:06	2421	74	428	412	0	18	78	8	1	
417	18.07.2019 00:06	2502	80	443	425	0	18	78	8	1	
418	18.07.2019 01:06	2436	82	425	420	0	18	78	8	1	
419	18.07.2019 02:06	2620	90	462	447	0	18	78	8	1	
420	18.07.2019 03:06	2562	73	426	463	0	18	78	8	1	
421	18.07.2019 04:06	2346	67	407	407	0	18	78	8	1	
422	18.07.2019 05:06	2222	77	372	399	0	18	78	8	1	
423	18.07.2019 06:06	2369	84	396	426	0	18	78	8	1	
424	18.07.2019 07:06	2496	78	406	460	0	18	78	8	1	
425	18.07.2019 08:06	2482	81	435	426	0	18	78	8	1	
426	18.07.2019 09:06	2493	59	428	437	0	18	78	8	1	
427	18.07.2019 10:06	2366	77	423	398	0	18	78	8	1	
428	18.07.2019 11:06	2606	69	454	450	0	18	78	8	1	
429	18.07.2019 12:06	2879	84	490	509	0	18	78	8	1	
430	18.07.2019 13:06	3003	78	517	525	0	18	78	8	1	
431	18.07.2019 14:06	2897	87	502	503	0	18	78	8	1	
432	18.07.2019 15:06	3027	83	491	559	0	18	78	8	1	
433	18.07.2019 16:06	3078	72	510	552	0	18	79	8	1	
434	18.07.2019 17:06	3069	90	514	545	0	18	79	9	1	
435	18.07.2019 18:06	3069	87	513	546	0	18	79	9	1	
436	18.07.2019 19:06	3150	99	539	548	1	18	79	9	1	
437	18.07.2019 20:06	3321	90	587	559	0	18	79	9	1	
438	18.07.2019 21:06	3394	92	568	603	0	18	79	9	1	
439	18.07.2019 22:06	3692	108	673	601	0	18	79	9	1	
440	18.07.2019 23:06	3892	99	680	663	0	18	79	9	1	
441	19.07.2019 00:06	3921	97	641	712	0	18	79	9	1	
442	19.07.2019 01:06	3680	79	586	684	1	18	79	9	1	
443	19.07.2019 02:06	3790	114	597	704	0	18	80	9	1	
444	19.07.2019 03:06	3572	98	575	651	0	18	80	9	1	
445	19.07.2019 04:06	3188	94	537	563	0	18	79	9	1	
446	19.07.2019 05:06	3243	95	524	595	0	18	79	9	1	
447	19.07.2019 06:06	3040	96	477	572	0	18	79	9	1	
448	19.07.2019 07:06	2878	85	473	520	0	18	79	9	1	
449	19.07.2019 08:06	2825	88	510	465	0	18	79	9	1	
450	19.07.2019 09:06	2883	76	495	500	0	18	79	9	1	
451	19.07.2019 10:06	3040	102	513	536	0	18	79	9	1	
452	19.07.2019 11:06	3278	94	573	558	0	18	79	9	1	
453	19.07.2019 12:06	3411	83	579	592	0	18	80	9	1	
454	19.07.2019 13:06	3429	93	557	620	0	18	80	9	1	
455	19.07.2019 14:06	3476	101	584	609	0	18	80	10	1	
456	19.07.2019 15:06	3350	88	534	616	0	18	80	10	1	
457	19.07.2019 16:06	3167	77	537	550	0	18	80	10	1	
458	19.07.2019 17:06	3210	99	543	559	0	18	80	10	1	
459	19.07.2019 18:06	3289	82	564	565	0	18	80	11	1	
460	19.07.2019 19:06	3280	90	583	543	0	18	80	11	1	
461	19.07.2019 20:06	3681	96	618	639	1	18	81	11	1	
462	19.07.2019 21:06	3986	92	691	670	0	18	81	11	1	
463	19.07.2019 22:06	4053	105	700	684	0	18	81	11	1	
464	19.07.2019 23:06	4018	94	660	712	0	18	81	11	1	
465	20.07.2019 00:06	3942	105	642	704	0	18	81	11	1	
466	20.07.2019 01:06	3839	99	624	687	1	18	81	12	1	
467	20.07.2019 02:06	4185	95	693	736	0	18	81	12	1	
468	20.07.2019 03:06	3839	94	640	671	0	18	81	12	1	
469	20.07.2019 04:06	3936	87	649	695	0	18	81	12	1	
470	20.07.2019 05:06	3649	85	579	667	0	18	81	12	1	
471	20.07.2019 06:06	3716	95	601	668	0	18	81	12	1	
472	20.07.2019 07:06	3729	60	598	669	0	18	82	12	1	
473	20.07.2019 08:06	3582	95	568	649	0	18	82	12	1	
474	20.07.2019 09:06	3556	104	590	618	0	18	82	12	1	
475	20.07.2019 10:06	3779	89	619	665	0	18	82	12	1	
476	20.07.2019 11:06	3929	107	682	653	0	18	82	12	1	
477	20.07.2019 12:06	3941	104	655	684	0	18	82	12	1	
478	20.07.2019 13:06	4209	103	722	708	0	18	82	12	1	
479	20.07.2019 14:06	4174	114	652	766	0	18	82	12	1	
480	20.07.2019 15:06	3803	106	587	705	0	18	82	12	1	
481	20.07.2019 16:06	3850	99	590	718	0	18	82	12	1	
482	20.07.2019 17:06	3491	86	577	609	0	18	82	12	1	
483	20.07.2019 18:06	3379	69	543	605	0	18	82	12	1	
484	20.07.2019 19:06	3411	86	558	601	0	18	82	12	1	
485	20.07.2019 20:06	3376	89	571	576	0	18	82	12	1	
486	20.07.2019 21:06	3450	94	551	621	0	18	82	12	1	
487	20.07.2019 22:06	3517	90	591	604	0	18	82	12	1	
488	20.07.2019 23:06	3762	117	666	612	0	18	82	12	1	
489	21.07.2019 00:06	4053	88	650	727	0	18	82	12	1	
490	21.07.2019 01:06	4091	96	676	714	0	18	82	13	1	
491	21.07.2019 02:06	4136	102	695	710	0	18	82	13	1	
492	21.07.2019 03:06	4053	95	689	688	0	18	82	13	1	
493	21.07.2019 04:06	4130	89	672	731	0	18	82	13	1	
494	21.07.2019 05:06	3935	109	624	713	0	18	82	13	1	
495	21.07.2019 06:06	4015	86	669	695	1	18	82	13	1	
496	21.07.2019 07:06	4047	106	651	717	0	18	83	13	1	
497	21.07.2019 08:06	3911	102	597	725	0	18	83	14	1	
498	21.07.2019 09:06	3775	101	596	680	0	18	83	14	1	
499	21.07.2019 10:06	3541	91	564	633	0	18	83	15	1	
500	21.07.2019 11:06	3476	75	557	618	0	18	83	15	1	
501	21.07.2019 12:06	3579	92	594	616	0	18	83	15	1	
502	21.07.2019 13:06	3337	111	561	567	0	18	83	16	1	
503	21.07.2019 14:06	3565	91	575	630	0	18	83	16	1	
504	21.07.2019 15:06	3210	94	508	577	0	18	83	17	1	
505	21.07.2019 16:06	2961	90	471	530	0	18	83	18	1	
506	21.07.2019 17:06	2506	77	375	468	0	18	84	20	1	
507	21.07.2019 18:06	2842	86	507	449	0	18	84	19	1	
508	21.07.2019 19:06	2987	52	528	477	0	18	84	19	1	
509	21.07.2019 20:06	3225	82	540	545	0	18	84	18	1	
510	21.07.2019 21:06	3561	100	613	585	0	18	84	18	1	
511	21.07.2019 22:06	3645	85	612	614	0	18	84	19	1	
512	21.07.2019 23:06	3502	101	575	603	0	18	84	20	1	
513	22.07.2019 00:06	3523	98	568	617	0	18	84	20	1	
514	22.07.2019 01:06	3564	103	555	644	0	18	84	19	1	
515	22.07.2019 02:06	3261	114	551	546	0	18	84	19	1	
516	22.07.2019 03:06	3787	99	656	618	0	18	84	19	1	
517	22.07.2019 04:06	3588	96	561	646	0	18	84	19	1	
518	22.07.2019 05:06	3401	102	497	647	0	18	84	19	1	
519	22.07.2019 06:06	3032	92	500	520	0	18	84	19	1	
520	22.07.2019 07:06	2979	97	484	518	0	18	84	18	1	
521	22.07.2019 08:06	2946	85	481	510	0	18	84	18	1	
522	22.07.2019 09:06	2657	66	443	451	0	18	84	19	1	
523	22.07.2019 10:06	3032	70	528	492	1	18	84	19	1	
524	22.07.2019 11:06	3285	81	546	559	0	18	84	20	1	
525	22.07.2019 12:06	3404	99	576	569	1	18	84	19	1	
526	22.07.2019 13:06	3695	102	637	606	0	18	84	19	1	
527	22.07.2019 14:06	3868	111	611	690	0	18	84	19	1	
528	22.07.2019 15:06	3532	113	578	610	0	18	84	19	1	
529	22.07.2019 16:06	3508	96	538	642	0	18	84	19	1	
530	22.07.2019 17:06	3606	89	609	604	0	18	84	19	1	
531	22.07.2019 18:06	3493	89	565	610	0	18	84	19	1	
532	22.07.2019 19:06	3689	95	627	614	0	18	84	20	1	
533	22.07.2019 20:06	3588	88	574	633	0	18	84	20	1	
534	22.07.2019 21:06	3936	79	627	697	0	18	84	21	1	
535	22.07.2019 22:06	4001	106	650	696	0	18	84	21	1	
536	22.07.2019 23:06	4435	105	712	780	0	18	84	21	1	
537	23.07.2019 00:06	4198	110	689	723	0	18	84	22	1	
538	23.07.2019 01:06	4513	101	731	787	1	18	84	23	1	
539	23.07.2019 02:06	4186	99	674	734	0	18	84	23	1	
540	23.07.2019 03:06	4376	110	713	759	0	18	84	23	1	
541	23.07.2019 04:06	3885	108	614	693	0	18	84	23	1	
542	23.07.2019 05:06	3900	89	615	697	0	18	84	23	1	
543	23.07.2019 06:06	3546	90	551	642	0	18	84	24	1	
544	23.07.2019 07:06	3737	94	602	655	0	18	84	23	1	
545	23.07.2019 08:06	3600	101	561	650	0	18	84	23	1	
546	23.07.2019 09:06	3526	89	600	586	0	18	84	23	1	
547	23.07.2019 10:06	3416	101	556	593	0	18	84	24	1	
548	23.07.2019 11:06	3362	99	535	596	0	18	84	25	1	
549	23.07.2019 12:06	3335	96	545	577	0	18	84	25	1	
550	23.07.2019 13:06	3487	76	565	608	0	18	84	25	1	
551	23.07.2019 14:06	3419	96	547	603	0	18	84	25	1	
552	23.07.2019 15:06	3365	88	558	574	0	18	84	26	1	
553	23.07.2019 16:06	3573	109	570	632	0	18	84	26	1	
554	23.07.2019 17:06	3499	85	557	620	0	18	84	26	1	
555	23.07.2019 18:06	3166	91	499	566	0	18	84	26	1	
556	23.07.2019 19:06	3142	83	508	549	0	18	84	27	1	
557	23.07.2019 20:06	3181	99	540	530	0	18	84	28	1	
558	23.07.2019 21:06	3484	81	574	598	0	18	84	29	1	
559	23.07.2019 22:06	3665	77	626	607	0	18	84	31	1	
560	23.07.2019 23:06	3689	106	622	619	0	18	84	31	1	
561	24.07.2019 00:06	3912	90	624	692	0	18	84	33	1	
562	24.07.2019 01:06	4025	95	689	665	0	18	84	34	1	
563	24.07.2019 02:06	3913	102	622	688	0	18	85	34	1	
564	24.07.2019 03:06	3809	104	617	658	0	18	85	35	1	
565	24.07.2019 04:06	3653	84	582	641	0	18	85	35	1	
566	24.07.2019 05:06	3573	99	555	641	0	18	85	34	1	
567	24.07.2019 06:06	3671	100	598	631	0	18	85	33	1	
568	24.07.2019 07:06	3513	101	553	623	0	18	85	34	1	
569	24.07.2019 08:06	3653	89	607	616	0	18	85	34	1	
570	24.07.2019 09:06	3590	94	597	605	1	18	85	34	1	
571	24.07.2019 10:06	3749	98	592	663	0	18	85	34	1	
572	24.07.2019 11:06	3484	87	512	627	0	19	85	33	1	
573	24.07.2019 12:06	2948	84	451	513	0	19	85	32	1	
574	24.07.2019 13:06	2560	82	373	464	0	19	85	31	1	
575	24.07.2019 14:06	2146	67	330	375	0	19	84	31	1	
576	24.07.2019 15:06	1869	82	263	351	0	19	84	29	1	
577	24.07.2019 16:06	1381	61	178	278	0	19	83	17	1	
578	24.07.2019 17:06	823	44	85	188	0	19	82	12	1	
579	24.07.2019 18:06	464	52	70	84	0	19	82	15	1	
580	24.07.2019 19:06	387	50	77	52	0	19	81	11	1	
581	24.07.2019 20:06	345	57	70	45	0	19	81	14	1	
582	24.07.2019 21:06	492	46	113	51	0	19	81	16	1	
583	24.07.2019 22:06	933	52	191	120	0	19	81	17	1	
584	24.07.2019 23:06	1332	63	276	168	0	19	81	19	1	
585	25.07.2019 00:06	1833	76	340	271	0	19	81	20	1	
586	25.07.2019 01:06	2312	84	404	363	0	19	82	20	1	
587	25.07.2019 02:06	2689	85	451	441	0	19	82	21	1	
588	25.07.2019 03:06	2677	90	438	450	0	19	82	21	1	
589	25.07.2019 04:06	2940	73	513	462	0	19	82	21	1	
590	25.07.2019 05:06	2961	102	459	523	0	19	82	21	1	
591	25.07.2019 06:06	3136	75	508	532	0	19	82	21	1	
592	25.07.2019 07:06	3205	84	520	543	0	19	82	21	1	
593	25.07.2019 08:06	3262	97	547	535	0	19	82	22	1	
594	25.07.2019 09:06	3330	88	541	558	0	19	83	22	1	
595	25.07.2019 10:06	3648	99	584	620	0	19	83	23	1	
596	25.07.2019 11:06	3584	109	580	603	0	19	83	23	1	
597	25.07.2019 12:06	4030	103	658	672	1	19	83	23	1	
598	25.07.2019 13:06	4072	90	672	672	1	19	83	23	1	
599	25.07.2019 14:06	4151	114	705	665	0	19	83	23	1	
600	25.07.2019 15:06	4224	84	665	729	0	19	83	22	1	
601	25.07.2019 16:06	3787	92	592	658	0	19	83	21	1	
602	25.07.2019 17:06	3927	105	637	659	0	19	83	21	1	
603	25.07.2019 18:06	3733	87	574	658	0	19	83	21	1	
604	25.07.2019 19:06	3557	94	570	604	1	19	83	22	1	
605	25.07.2019 20:06	3757	88	613	627	0	19	83	22	1	
606	25.07.2019 21:06	3681	101	594	621	0	19	83	23	1	
607	25.07.2019 22:06	3884	95	655	627	0	19	83	23	1	
608	25.07.2019 23:06	4012	118	640	684	1	19	83	23	1	
609	26.07.2019 00:06	3921	102	629	665	0	19	83	24	1	
610	26.07.2019 01:06	4009	115	627	696	0	19	83	24	1	
611	26.07.2019 02:06	3630	94	575	623	0	19	83	23	1	
612	26.07.2019 03:06	3942	93	625	676	0	19	83	23	1	
613	26.07.2019 04:06	3718	110	622	605	0	19	83	22	1	
614	26.07.2019 05:06	3584	101	570	613	0	19	83	23	1	
615	26.07.2019 06:06	3812	101	612	646	0	19	83	22	1	
616	26.07.2019 07:06	3699	103	579	642	0	19	83	22	1	
617	26.07.2019 08:06	3672	90	570	642	0	19	83	22	1	
618	26.07.2019 09:06	3451	89	549	590	0	19	83	23	1	
619	26.07.2019 10:06	3612	92	591	601	0	19	83	23	1	
620	26.07.2019 11:06	3842	86	631	637	0	19	83	23	1	
621	26.07.2019 12:06	3721	111	556	672	0	19	83	20	1	
622	26.07.2019 13:06	2839	90	405	532	0	19	83	19	1	
623	26.07.2019 14:06	2160	70	278	435	0	19	83	19	1	
624	26.07.2019 15:06	1812	79	294	304	0	19	83	20	1	
625	26.07.2019 16:06	1899	65	305	322	0	19	83	21	1	
626	26.07.2019 17:06	2027	59	356	313	0	19	83	21	1	
627	26.07.2019 18:06	2315	69	376	388	0	19	83	21	1	
628	26.07.2019 19:06	2330	76	410	359	0	19	83	21	1	
629	26.07.2019 20:06	2606	86	432	428	0	19	83	22	1	
630	26.07.2019 21:06	2836	75	481	455	0	19	83	22	1	
631	26.07.2019 22:06	2712	50	432	463	0	19	83	22	1	
632	26.07.2019 23:06	3024	103	533	465	0	19	83	22	1	
633	27.07.2019 00:06	3133	87	504	530	0	19	83	22	1	
634	27.07.2019 01:06	3230	85	548	518	0	19	83	22	1	
635	27.07.2019 02:06	3509	87	564	594	0	19	83	21	1	
636	27.07.2019 03:06	3412	79	542	584	0	19	83	20	1	
637	27.07.2019 04:06	3678	105	620	594	0	19	83	20	1	
638	27.07.2019 05:06	3884	96	610	672	0	19	83	20	1	
639	27.07.2019 06:06	3796	103	676	577	0	19	83	20	1	
640	27.07.2019 07:06	3896	95	607	679	0	19	83	20	1	
641	27.07.2019 08:06	3784	104	605	644	0	19	83	21	1	
642	27.07.2019 09:06	4148	83	650	719	1	19	83	21	1	
643	27.07.2019 10:06	3845	87	631	638	1	19	83	23	1	
644	27.07.2019 11:06	3902	102	587	701	0	19	83	22	1	
645	27.07.2019 12:06	3845	92	629	640	0	19	83	22	1	
646	27.07.2019 13:06	3775	115	581	665	0	19	83	23	1	
647	27.07.2019 14:06	3675	103	608	605	0	19	83	23	1	
648	27.07.2019 15:06	3802	93	583	672	0	19	83	23	1	
649	27.07.2019 16:06	3630	84	550	648	0	19	83	23	1	
650	27.07.2019 17:06	3163	79	453	591	0	19	83	24	1	
651	27.07.2019 18:06	2718	63	402	491	0	19	84	24	1	
652	27.07.2019 19:06	2076	74	275	407	0	19	84	24	1	
653	27.07.2019 20:06	1939	63	316	321	0	19	84	25	1	
654	27.07.2019 21:06	2015	75	326	336	0	19	84	26	1	
655	27.07.2019 22:06	2079	60	366	317	0	19	84	27	1	
656	27.07.2019 23:06	2533	57	433	399	0	19	84	28	1	
657	28.07.2019 00:06	2630	85	422	438	0	19	85	29	1	
658	28.07.2019 01:06	2575	80	423	419	0	19	85	30	1	
659	28.07.2019 02:06	2875	89	455	485	0	19	85	31	1	
660	28.07.2019 03:06	2823	88	442	481	0	19	85	31	1	
661	28.07.2019 04:06	3034	91	507	485	0	19	85	31	1	
662	28.07.2019 05:06	3013	81	482	503	0	19	85	31	1	
663	28.07.2019 06:06	3095	92	513	499	0	19	85	32	1	
664	28.07.2019 07:06	3465	90	584	549	0	19	85	31	1	
665	28.07.2019 08:06	3438	108	540	584	0	19	85	31	1	
666	28.07.2019 09:06	3331	76	513	576	0	19	85	31	1	
667	28.07.2019 10:06	3309	92	525	557	0	19	85	32	1	
668	28.07.2019 11:06	3239	97	541	518	0	19	85	32	1	
669	28.07.2019 12:06	3649	102	556	637	0	19	85	32	1	
670	28.07.2019 13:06	3520	107	582	569	0	19	85	31	1	
671	28.07.2019 14:06	3465	86	550	583	0	19	85	31	1	
672	28.07.2019 15:06	3560	90	576	588	0	19	85	36	1	
673	28.07.2019 16:06	3851	106	616	643	2	19	85	36	1	
674	28.07.2019 17:06	3652	86	579	615	0	19	85	32	1	
675	28.07.2019 18:06	3734	112	581	640	0	19	85	31	1	
676	28.07.2019 19:06	3695	94	562	646	0	19	85	31	1	
677	28.07.2019 20:06	3872	114	625	641	0	19	85	38	1	
678	28.07.2019 21:06	4019	100	657	657	0	19	85	42	1	
679	28.07.2019 22:06	4331	105	699	717	0	19	85	41	1	
680	28.07.2019 23:06	4325	109	671	743	0	19	85	36	1	
681	29.07.2019 00:06	4362	107	690	736	0	19	85	42	1	
682	29.07.2019 01:06	4007	108	605	705	0	19	85	39	1	
683	29.07.2019 02:06	4025	109	647	663	0	19	86	37	1	
684	29.07.2019 03:06	4037	109	624	690	0	19	86	36	1	
685	29.07.2019 04:06	4019	105	597	711	0	19	86	35	1	
686	29.07.2019 05:06	3878	101	600	662	0	19	86	36	1	
687	29.07.2019 06:06	3822	102	576	668	0	19	86	35	1	
688	29.07.2019 07:06	3417	103	490	622	0	19	86	35	1	
689	29.07.2019 08:06	3463	85	545	582	0	19	86	36	1	
690	29.07.2019 09:06	3238	95	522	532	0	19	86	36	1	
691	29.07.2019 10:06	3291	108	515	556	0	19	86	36	1	
692	29.07.2019 11:06	3450	93	546	577	0	19	86	36	1	
693	29.07.2019 12:06	3189	92	485	553	0	19	86	36	1	
694	29.07.2019 13:06	3431	104	548	544	0	20	86	35	1	
695	29.07.2019 14:06	3466	94	561	542	1	20	86	35	1	
696	29.07.2019 15:06	3356	111	515	553	0	20	86	36	1	
697	29.07.2019 16:06	3233	82	456	573	0	20	86	36	1	
698	29.07.2019 17:06	3233	93	507	522	0	20	86	36	1	
699	29.07.2019 18:06	3280	89	480	564	0	20	86	36	1	
700	29.07.2019 19:06	3120	91	467	526	0	20	86	37	1	
701	29.07.2019 20:06	3007	85	469	488	0	20	86	36	1	
702	29.07.2019 21:06	2806	93	438	455	0	20	86	38	1	
703	29.07.2019 22:06	2903	94	461	463	0	20	86	38	1	
704	29.07.2019 23:06	3042	79	503	465	0	20	86	38	1	
705	30.07.2019 00:06	3249	81	500	534	0	20	86	38	1	
706	30.07.2019 01:06	3013	105	475	484	0	20	86	40	1	
707	30.07.2019 02:06	3356	85	529	539	0	20	86	41	1	
708	30.07.2019 03:06	3544	89	526	602	0	20	86	41	1	
709	30.07.2019 04:06	3403	89	520	563	0	20	86	42	1	
710	30.07.2019 05:06	3167	79	473	535	0	20	86	43	1	
711	30.07.2019 06:06	3184	84	467	542	1	20	87	43	1	
712	30.07.2019 07:06	2827	72	419	477	0	20	87	45	1	
713	30.07.2019 08:06	2846	80	452	450	0	20	87	46	1	
714	30.07.2019 09:06	3020	88	464	493	0	20	87	47	1	
715	30.07.2019 10:06	3086	78	472	506	0	20	87	47	1	
716	30.07.2019 11:06	2808	82	434	456	0	20	87	46	1	