record	time	radon[Bq/m3]	sum1	sum2	sum3	sum4	temperature[°C]	humidity[%]	HV	algorithm
667	23.05.2019 13:27	4779	246	1793	488	0	16	49	9	1
666	23.05.2019 14:27	5201	199	1197	1331	0	15	50	9	1
665	23.05.2019 15:27	4390	205	926	1189	1	15	51	9	1
664	23.05.2019 16:27	3912	127	843	1025	0	15	52	9	1
663	23.05.2019 17:27	3193	114	673	852	0	15	52	9	1
662	23.05.2019 18:27	2571	132	553	664	0	15	53	9	1
661	23.05.2019 19:27	2292	82	477	608	0	15	53	9	1
660	23.05.2019 20:27	2051	96	438	533	0	15	53	9	1
659	23.05.2019 21:27	2060	73	450	517	0	15	54	9	1
658	23.05.2019 22:27	1811	73	360	490	0	15	54	9	1
657	23.05.2019 23:27	1583	75	328	415	0	15	54	9	1
656	24.05.2019 0:27	1255	53	270	336	0	14	54	9	1
655	24.05.2019 1:27	1032	46	215	279	0	14	55	9	1
654	24.05.2019 2:27	980	48	213	256	0	14	55	9	1
653	24.05.2019 3:27	873	37	190	228	0	14	55	9	1
652	24.05.2019 4:27	879	23	183	238	0	14	55	9	1
651	24.05.2019 5:27	760	38	179	185	0	14	55	9	1
650	24.05.2019 6:27	750	29	164	195	0	14	55	9	1
649	24.05.2019 7:27	796	27	189	192	0	14	55	9	1
648	24.05.2019 8:27	750	42	182	177	0	14	55	9	1
647	24.05.2019 9:27	610	29	131	161	0	14	55	9	1
646	24.05.2019 10:27	642	28	144	155	0	15	55	9	1
645	24.05.2019 11:27	786	32	197	169	0	15	55	9	1
644	24.05.2019 12:27	831	35	176	211	0	15	55	9	1
643	24.05.2019 13:27	958	37	225	221	0	15	55	9	1
642	24.05.2019 14:27	934	34	227	208	0	15	55	9	1
641	24.05.2019 15:27	951	47	222	221	0	15	55	9	1
640	24.05.2019 16:27	1061	39	235	259	0	15	55	9	1
639	24.05.2019 17:27	904	32	195	226	0	15	55	9	1
638	24.05.2019 18:27	775	28	152	209	0	15	55	9	1
637	24.05.2019 19:27	758	31	181	172	0	15	55	9	1
636	24.05.2019 20:27	767	20	171	186	0	15	55	9	1
635	24.05.2019 21:27	721	32	167	169	0	15	55	9	1
634	24.05.2019 22:27	931	39	238	192	0	15	56	9	1
633	24.05.2019 23:27	894	47	198	215	0	15	56	9	1
632	25.05.2019 0:27	970	29	240	208	0	15	56	9	1
631	25.05.2019 1:27	987	49	242	214	0	15	56	9	1
630	25.05.2019 2:27	957	46	201	241	0	15	56	9	1
629	25.05.2019 3:27	935	33	201	231	0	15	56	9	1
628	25.05.2019 4:27	855	45	177	218	0	15	56	9	1
627	25.05.2019 5:27	823	41	183	197	0	15	56	9	1
626	25.05.2019 6:27	808	40	173	200	0	15	56	9	1
625	25.05.2019 7:27	816	33	189	188	0	15	56	9	1
624	25.05.2019 8:27	974	33	226	224	0	15	56	9	1
623	25.05.2019 9:27	972	42	207	242	0	15	56	9	1
622	25.05.2019 10:27	888	36	197	213	0	15	56	9	1
621	25.05.2019 11:27	948	27	199	239	0	15	56	9	1
620	25.05.2019 12:27	922	41	190	236	0	15	56	9	1
619	25.05.2019 13:27	892	47	210	202	0	15	56	9	1
618	25.05.2019 14:27	828	37	169	206	0	16	55	9	1
617	25.05.2019 15:27	561	20	79	175	0	16	55	9	1
616	25.05.2019 16:27	276	18	45	80	0	16	55	9	1
615	25.05.2019 17:27	218	3	27	70	0	17	54	9	1
614	25.05.2019 18:27	101	2	17	29	0	16	55	9	1
613	25.05.2019 19:27	84	3	19	19	0	16	56	9	1
612	25.05.2019 20:27	140	11	38	25	0	16	56	9	1
611	25.05.2019 21:27	323	7	97	47	0	16	57	9	1
610	25.05.2019 22:27	494	18	121	99	0	16	57	9	1
609	25.05.2019 23:27	513	8	123	104	0	16	58	9	1
608	26.05.2019 0:27	451	13	93	112	0	15	58	9	1
607	26.05.2019 1:27	321	7	56	89	0	15	59	9	1
606	26.05.2019 2:27	288	4	63	67	0	15	59	9	1
605	26.05.2019 3:27	255	7	52	63	0	15	59	9	1
604	26.05.2019 4:27	224	8	41	60	0	15	59	9	1
603	26.05.2019 5:27	208	4	48	46	0	15	59	9	1
602	26.05.2019 6:27	176	3	33	46	0	15	60	9	1
601	26.05.2019 7:27	252	4	63	50	0	15	60	9	1
600	26.05.2019 8:27	326	8	82	63	0	15	61	9	1
599	26.05.2019 9:27	419	15	103	83	0	15	61	9	1
598	26.05.2019 10:27	489	19	115	104	0	15	60	9	1
597	26.05.2019 11:27	636	17	154	123	0	16	60	9	1
596	26.05.2019 12:27	593	15	125	133	0	16	60	9	1
595	26.05.2019 13:27	567	21	120	127	0	16	60	9	1
594	26.05.2019 14:27	632	14	141	134	0	16	60	9	1
593	26.05.2019 15:27	620	16	121	149	0	16	60	9	1
592	26.05.2019 16:27	512	15	90	133	1	16	60	9	1
591	26.05.2019 17:27	577	13	130	121	0	16	60	9	1
590	26.05.2019 18:27	561	11	134	110	0	16	60	9	1
589	26.05.2019 19:27	528	8	90	140	0	16	60	9	1
588	26.05.2019 20:27	512	12	112	111	0	16	60	9	1
587	26.05.2019 21:27	535	14	92	141	0	16	60	9	1
586	26.05.2019 22:27	600	18	144	117	0	16	60	9	1
585	26.05.2019 23:27	662	17	155	133	0	16	60	9	1
584	27.05.2019 0:27	595	12	134	125	0	16	60	9	1
583	27.05.2019 1:27	659	13	136	151	0	16	60	9	1
582	27.05.2019 2:27	689	5	153	147	0	16	60	9	1
581	27.05.2019 3:27	715	12	148	163	0	16	60	9	1
580	27.05.2019 4:27	678	18	146	147	0	16	61	9	1
579	27.05.2019 5:27	708	12	147	159	0	16	61	9	1
578	27.05.2019 6:27	572	9	103	144	0	16	61	9	1
577	27.05.2019 7:27	569	15	117	129	0	16	61	9	1
576	27.05.2019 8:27	646	9	146	133	0	16	61	9	1
575	27.05.2019 9:27	701	12	152	151	0	16	61	9	1
574	27.05.2019 10:27	683	12	149	146	0	16	61	9	1
573	27.05.2019 11:27	637	19	134	141	0	16	61	9	1
572	27.05.2019 12:27	637	7	130	145	0	16	61	9	1
571	27.05.2019 13:27	572	7	106	141	0	16	61	9	1
570	27.05.2019 14:27	558	11	117	124	0	16	61	9	1
569	27.05.2019 15:27	502	11	97	120	0	16	61	9	1
568	27.05.2019 16:27	486	9	103	107	0	16	61	9	1
567	27.05.2019 17:27	606	15	133	129	0	16	61	9	1
566	27.05.2019 18:27	732	10	159	157	0	16	61	9	1
565	27.05.2019 19:27	748	11	167	156	0	16	61	9	1
564	27.05.2019 20:27	873	11	198	179	0	16	61	9	1
563	27.05.2019 21:27	928	16	195	203	0	16	62	9	1
562	27.05.2019 22:27	949	22	188	219	0	16	62	9	1
561	27.05.2019 23:27	805	14	141	204	0	16	62	9	1
560	28.05.2019 0:27	802	11	167	177	0	16	62	9	1
559	28.05.2019 1:27	784	14	169	167	0	16	62	9	1
558	28.05.2019 2:27	869	17	193	177	0	16	63	9	1
557	28.05.2019 3:27	804	17	161	181	0	16	63	9	1
556	28.05.2019 4:27	804	18	158	184	0	16	63	9	1
555	28.05.2019 5:27	825	12	169	182	0	16	63	9	1
554	28.05.2019 6:27	909	15	172	215	0	16	63	9	1
553	28.05.2019 7:27	824	15	170	178	0	16	64	9	1
552	28.05.2019 8:27	686	11	110	178	0	16	65	9	1
551	28.05.2019 9:27	517	3	74	143	0	16	65	9	1
550	28.05.2019 10:27	333	4	54	85	0	16	66	9	1
549	28.05.2019 11:27	319	4	52	81	0	16	66	9	1
548	28.05.2019 12:27	357	5	64	85	0	16	66	9	1
547	28.05.2019 13:27	381	5	99	60	0	16	66	9	1
546	28.05.2019 14:27	511	10	107	106	0	16	66	9	1
545	28.05.2019 15:27	394	9	67	96	0	16	67	9	1
544	28.05.2019 16:27	336	0	60	79	0	16	67	9	1
543	28.05.2019 17:27	278	2	48	67	0	16	67	9	1
542	28.05.2019 18:27	230	4	50	48	0	15	67	9	1
541	28.05.2019 19:27	167	2	30	41	0	15	67	9	1
540	28.05.2019 20:27	143	2	26	35	0	15	67	9	1
539	28.05.2019 21:27	165	2	39	32	0	15	66	9	1
538	28.05.2019 22:27	128	0	28	27	0	15	66	9	1
537	28.05.2019 23:27	95	1	19	22	0	15	66	9	1
536	29.05.2019 0:27	115	0	29	22	0	14	66	9	1
535	29.05.2019 1:27	134	1	30	29	0	14	66	9	1
534	29.05.2019 2:27	84	2	17	20	0	14	66	9	1
533	29.05.2019 3:27	118	3	24	28	0	14	67	9	1
532	29.05.2019 4:27	114	0	22	28	0	14	67	9	1
531	29.05.2019 5:27	121	0	26	27	0	14	67	9	1
530	29.05.2019 6:27	112	1	26	23	0	14	67	9	1
529	29.05.2019 7:27	93	2	19	22	0	14	67	9	1
528	29.05.2019 8:27	89	2	17	22	0	14	67	9	1
527	29.05.2019 9:27	57	1	9	16	0	14	67	9	1
526	29.05.2019 10:27	82	3	16	20	0	14	67	9	1
525	29.05.2019 11:27	57	2	12	14	0	13	67	9	1
524	29.05.2019 12:27	86	3	24	15	0	13	67	9	1
523	29.05.2019 13:27	93	4	18	24	0	13	67	9	1
522	29.05.2019 14:27	77	2	14	21	0	13	66	9	1
521	29.05.2019 15:27	79	3	21	15	0	13	66	9	1
520	29.05.2019 16:27	72	1	17	16	0	13	65	9	1
519	29.05.2019 17:27	85	2	18	21	0	13	65	9	1
518	29.05.2019 18:27	87	1	18	22	0	13	65	9	1
517	29.05.2019 19:27	107	2	29	20	0	13	65	9	1
516	29.05.2019 20:27	97	1	22	23	0	13	64	9	1
515	29.05.2019 21:27	106	4	23	26	0	13	64	9	1
514	29.05.2019 22:27	152	5	36	34	0	13	64	9	1
513	29.05.2019 23:27	119	5	25	30	0	13	64	9	1
512	30.05.2019 0:27	111	4	28	23	0	13	64	9	1
511	30.05.2019 1:27	123	3	24	33	0	13	63	9	1
510	30.05.2019 2:27	138	0	34	30	0	13	63	9	1
509	30.05.2019 3:27	142	0	33	33	0	13	63	9	1
508	30.05.2019 4:27	113	1	24	29	0	13	62	9	1
507	30.05.2019 5:27	113	3	21	32	0	13	62	9	1
506	30.05.2019 6:27	110	3	25	27	0	13	61	9	1
505	30.05.2019 7:27	119	1	24	32	0	13	61	9	1
504	30.05.2019 8:27	68	1	8	24	0	13	61	9	1
503	30.05.2019 9:27	107	1	29	22	0	13	60	9	1
502	30.05.2019 10:27	107	4	28	23	0	13	60	9	1
501	30.05.2019 11:27	124	1	35	24	0	13	60	9	1
500	30.05.2019 12:27	134	2	28	36	0	13	59	9	1
499	30.05.2019 13:27	174	2	46	37	0	13	59	9	1
498	30.05.2019 14:27	209	2	62	36	0	14	58	9	1
497	30.05.2019 15:27	336	6	83	74	0	14	58	9	1
496	30.05.2019 16:27	374	6	102	73	0	14	58	9	1
495	30.05.2019 17:27	432	11	103	99	0	14	58	9	1
494	30.05.2019 18:27	458	10	117	97	0	14	58	9	1
493	30.05.2019 19:27	522	9	134	110	0	14	58	9	1
492	30.05.2019 20:27	678	12	178	139	0	14	58	9	1
491	30.05.2019 21:27	631	7	123	172	0	14	58	9	1
490	30.05.2019 22:27	366	4	68	103	0	14	58	9	1
489	30.05.2019 23:27	323	4	49	102	0	14	58	9	1
488	31.05.2019 0:27	189	9	38	53	0	13	58	9	1
487	31.05.2019 1:27	133	3	36	28	0	13	58	9	1
486	31.05.2019 2:27	142	2	27	42	0	13	57	9	1
485	31.05.2019 3:27	109	3	21	32	0	13	57	9	1
484	31.05.2019 4:27	84	5	17	24	0	13	57	9	1
483	31.05.2019 5:27	82	0	23	17	0	13	57	9	1
482	31.05.2019 6:27	136	4	33	33	0	13	57	9	1
481	31.05.2019 7:27	147	3	38	33	0	13	58	9	1
480	31.05.2019 8:27	183	4	52	36	0	13	58	9	1
479	31.05.2019 9:27	216	7	50	51	0	14	58	9	1
478	31.05.2019 10:27	225	4	48	58	0	14	57	9	1
477	31.05.2019 11:27	257	6	59	62	0	14	57	9	1
476	31.05.2019 12:27	346	5	90	73	0	14	57	9	1
475	31.05.2019 13:27	378	9	102	76	0	14	57	9	1
474	31.05.2019 14:27	503	6	118	119	0	14	57	9	1
473	31.05.2019 15:27	507	8	116	121	0	14	58	9	1
472	31.05.2019 16:27	518	11	106	136	0	14	58	9	1
471	31.05.2019 17:27	569	9	134	132	0	14	58	9	1
470	31.05.2019 18:27	595	6	142	134	0	14	59	9	1
469	31.05.2019 19:27	658	18	145	160	0	14	59	9	1
468	31.05.2019 20:27	616	10	125	153	0	15	59	9	1
467	31.05.2019 21:27	630	8	128	154	0	15	60	9	1
466	31.05.2019 22:27	545	11	110	134	0	15	60	9	1
465	31.05.2019 23:27	679	8	177	127	0	15	60	9	1
464	01.06.2019 0:27	843	15	188	189	0	15	60	9	1
463	01.06.2019 1:27	950	16	184	238	0	15	61	9	1
462	01.06.2019 2:27	799	11	173	192	0	14	61	9	1
461	01.06.2019 3:27	799	21	160	205	0	14	61	9	1
460	01.06.2019 4:27	624	12	122	161	0	14	62	9	1
459	01.06.2019 5:27	620	11	133	148	0	14	62	9	1
458	01.06.2019 6:27	626	12	128	148	0	15	62	9	1
457	01.06.2019 7:27	487	13	118	95	0	15	63	9	1
456	01.06.2019 8:27	683	5	149	150	0	15	63	9	1
455	01.06.2019 9:27	738	11	158	165	0	15	63	9	1
454	01.06.2019 10:27	708	11	140	170	0	15	63	9	1
453	01.06.2019 11:27	756	15	157	174	0	15	63	9	1
452	01.06.2019 12:27	722	4	137	168	0	16	64	9	1
451	01.06.2019 13:27	335	6	19	116	0	18	63	9	1
450	01.06.2019 14:27	128	2	8	44	0	18	62	9	1
449	01.06.2019 15:27	76	1	10	21	0	18	62	9	1
448	01.06.2019 16:27	29	2	6	6	0	18	61	9	1
447	01.06.2019 17:27	14	0	2	4	0	19	60	9	1
446	01.06.2019 18:27	17	1	2	5	0	19	59	9	1
445	01.06.2019 19:27	12	0	3	2	1	18	60	9	1
444	01.06.2019 20:27	19	0	6	2	0	18	61	9	1
443	01.06.2019 21:27	83	0	23	11	0	18	61	9	1
442	01.06.2019 22:27	123	1	33	17	0	18	62	9	1
441	01.06.2019 23:27	211	2	55	33	0	17	62	9	1
440	02.06.2019 0:27	371	7	98	57	0	17	62	9	1
439	02.06.2019 1:27	477	9	106	93	0	17	62	9	1
438	02.06.2019 2:27	544	5	106	121	0	17	62	9	1
437	02.06.2019 3:27	453	12	86	103	0	17	62	9	1
436	02.06.2019 4:27	458	10	94	97	0	17	62	9	1
435	02.06.2019 5:27	450	8	75	113	0	17	62	9	1
434	02.06.2019 6:27	450	11	86	102	0	17	62	9	1
433	02.06.2019 7:27	393	8	79	85	0	17	62	9	1
432	02.06.2019 8:27	475	9	103	90	0	18	62	9	1
431	02.06.2019 9:27	425	9	95	73	0	19	62	9	1
430	02.06.2019 10:27	324	5	39	87	0	20	61	9	1
429	02.06.2019 11:27	123	3	8	40	0	20	61	9	1
428	02.06.2019 12:27	67	3	11	15	0	20	61	9	1
427	02.06.2019 13:27	66	0	10	16	0	20	60	9	1
426	02.06.2019 14:27	55	0	8	14	0	20	59	9	1
425	02.06.2019 15:27	66	0	17	9	0	21	57	9	1
424	02.06.2019 16:27	282	4	84	29	0	20	57	9	1
423	02.06.2019 17:27	416	7	94	71	1	20	58	9	1
422	02.06.2019 18:27	539	5	113	101	0	20	58	9	1
421	02.06.2019 19:27	542	9	113	102	0	20	58	9	1
420	02.06.2019 20:27	561	8	93	128	0	20	59	9	1
419	02.06.2019 21:27	759	4	158	141	0	20	59	9	1
418	02.06.2019 22:27	922	21	186	177	0	20	59	9	1
417	02.06.2019 23:27	963	19	197	182	0	20	59	9	1
416	03.06.2019 0:27	942	16	178	193	0	20	59	9	1
415	03.06.2019 1:27	1085	12	226	201	0	20	59	9	1
414	03.06.2019 2:27	1036	15	171	237	0	20	59	9	1
413	03.06.2019 3:27	831	13	163	173	0	19	59	9	1
412	03.06.2019 4:27	826	17	147	187	0	19	59	9	1
411	03.06.2019 5:27	749	16	142	161	0	19	59	9	1
410	03.06.2019 6:27	772	15	153	159	0	19	59	9	1
409	03.06.2019 7:27	844	17	167	174	0	19	59	9	1
408	03.06.2019 8:27	792	11	150	162	0	20	59	9	1
407	03.06.2019 9:27	777	9	146	160	0	20	59	9	1
406	03.06.2019 10:27	703	16	114	163	0	20	59	9	1
405	03.06.2019 11:27	647	10	134	121	0	20	59	9	1
404	03.06.2019 12:27	683	18	130	139	0	20	59	9	1
403	03.06.2019 13:27	708	15	152	127	0	20	59	9	1
402	03.06.2019 14:27	757	16	135	163	0	20	59	9	1
401	03.06.2019 15:27	736	12	145	145	0	20	59	9	1
400	03.06.2019 16:27	838	16	156	174	0	20	59	9	1
399	03.06.2019 17:27	778	12	133	171	0	20	60	9	1
398	03.06.2019 18:27	793	8	161	149	0	20	60	9	1
397	03.06.2019 19:27	832	9	138	187	0	20	60	9	1
396	03.06.2019 20:27	778	6	153	151	0	20	60	9	1
395	03.06.2019 21:27	855	11	158	176	1	20	60	9	1
394	03.06.2019 22:27	977	13	203	179	0	20	60	9	1
393	03.06.2019 23:27	1111	13	241	193	0	20	60	9	1
392	04.06.2019 0:27	1141	16	228	218	0	20	60	9	1
391	04.06.2019 1:27	1179	18	203	261	0	20	59	9	1
390	04.06.2019 2:27	1161	17	204	253	0	20	59	9	1
389	04.06.2019 3:27	1024	19	185	218	0	20	59	9	1
388	04.06.2019 4:27	1105	20	212	223	0	20	59	9	1
387	04.06.2019 5:27	1024	12	178	236	0	19	59	9	1
386	04.06.2019 6:27	1037	22	186	233	0	19	59	9	1
385	04.06.2019 7:27	945	18	188	194	0	19	59	9	1
384	04.06.2019 8:27	991	18	208	182	0	20	59	9	1
383	04.06.2019 9:27	965	14	161	219	0	20	59	9	1
382	04.06.2019 10:27	863	11	146	194	0	20	59	9	1
381	04.06.2019 11:27	828	16	168	158	0	20	59	9	1
380	04.06.2019 12:27	843	12	152	180	0	20	59	9	1
379	04.06.2019 13:27	914	18	163	197	0	20	59	9	1
378	04.06.2019 14:27	803	17	149	167	0	20	59	9	1
377	04.06.2019 15:27	930	14	173	193	0	20	59	9	1
376	04.06.2019 16:27	818	11	145	177	1	20	59	9	1
375	04.06.2019 17:27	1011	17	201	197	0	20	59	9	1
374	04.06.2019 18:27	828	16	150	176	0	20	59	9	1
373	04.06.2019 19:27	888	24	154	193	0	20	60	9	1
372	04.06.2019 20:27	801	9	144	169	0	20	60	9	1
371	04.06.2019 21:27	911	10	166	190	0	20	60	9	1
370	04.06.2019 22:27	947	14	181	189	0	20	60	9	1
369	04.06.2019 23:27	1021	16	207	192	0	20	60	9	1
368	05.06.2019 0:27	1203	20	251	219	0	20	60	9	1
367	05.06.2019 1:27	1264	19	239	255	0	20	60	9	1
366	05.06.2019 2:27	1187	20	217	247	0	20	60	9	1
365	05.06.2019 3:27	1246	15	235	252	0	20	60	9	1
364	05.06.2019 4:27	1182	15	210	252	0	20	60	9	1
363	05.06.2019 5:27	1200	25	209	260	0	20	60	9	1
362	05.06.2019 6:27	998	22	182	208	0	20	60	9	1
361	05.06.2019 7:27	1042	14	196	211	0	20	60	9	1
360	05.06.2019 8:27	1098	16	210	219	0	20	60	9	1
359	05.06.2019 9:27	1182	16	230	232	0	20	60	9	1
358	05.06.2019 12:28	233	1	8	79	0	25	50	10	1
357	05.06.2019 13:28	96	2	11	25	0	25	50	9	1
356	05.06.2019 14:28	107	2	19	22	0	24	50	9	1
355	05.06.2019 15:28	129	3	32	18	0	24	49	9	1
354	05.06.2019 16:28	140	1	27	26	0	25	49	9	1
353	05.06.2019 17:28	184	6	34	38	0	24	48	9	1
352	05.06.2019 18:28	251	3	58	40	0	24	48	9	1
351	05.06.2019 19:28	331	5	68	61	0	24	48	9	1
350	05.06.2019 20:28	290	2	56	57	0	24	48	9	1
349	05.06.2019 21:28	308	7	44	76	0	24	48	9	1
348	05.06.2019 22:28	233	2	37	54	0	24	48	9	1
347	05.06.2019 23:28	202	2	36	43	0	24	48	9	1
346	06.06.2019 0:28	178	6	30	39	0	24	49	9	1
345	06.06.2019 1:28	147	3	21	36	1	24	49	9	1
344	06.06.2019 2:28	72	1	10	18	0	24	49	9	1
343	06.06.2019 3:28	91	1	16	19	0	24	50	9	1
342	06.06.2019 4:28	99	1	20	18	0	24	50	9	1
341	06.06.2019 5:28	99	2	20	18	0	24	50	9	1
340	06.06.2019 6:28	162	3	34	28	0	24	50	9	1
339	06.06.2019 7:28	109	1	19	23	0	24	50	9	1
338	06.06.2019 8:28	54	1	9	12	0	24	50	9	1
337	06.06.2019 9:28	65	0	10	15	0	24	50	9	1
336	06.06.2019 10:28	52	2	7	13	0	24	50	9	1
335	06.06.2019 11:28	33	1	8	5	0	24	50	9	1
334	06.06.2019 12:28	41	0	4	12	0	24	50	9	1
333	06.06.2019 13:28	31	1	5	7	0	24	50	9	1
332	06.06.2019 14:28	41	0	12	4	1	24	50	9	1
331	06.06.2019 15:28	75	2	14	15	0	24	50	9	1
330	06.06.2019 16:28	49	1	7	12	0	24	50	9	1
329	06.06.2019 17:28	81	0	21	10	0	24	50	9	1
328	06.06.2019 18:28	92	1	18	17	0	24	51	9	1
327	06.06.2019 19:28	134	2	27	24	0	24	51	9	1
326	06.06.2019 20:28	200	3	46	30	0	24	51	9	1
325	06.06.2019 21:28	192	6	28	45	0	24	51	9	1
324	06.06.2019 22:28	211	3	44	36	0	24	51	9	1
323	06.06.2019 23:28	255	5	55	42	0	24	51	9	1
322	07.06.2019 0:28	276	4	45	60	0	24	51	9	1
321	07.06.2019 1:28	271	2	47	56	0	24	51	9	1
320	07.06.2019 2:28	250	3	41	54	0	24	51	9	1
319	07.06.2019 3:28	218	0	41	42	0	24	51	9	1
318	07.06.2019 4:28	200	3	34	42	0	24	51	9	1
317	07.06.2019 5:28	159	0	25	36	0	24	50	9	1
316	07.06.2019 6:28	149	4	21	36	0	24	50	9	1
315	07.06.2019 7:28	175	4	35	32	0	24	50	9	1
314	07.06.2019 8:28	198	4	44	32	0	24	50	9	1
313	07.06.2019 9:28	228	3	45	43	0	24	49	9	1
312	07.06.2019 10:28	178	3	35	34	0	24	49	9	1
311	07.06.2019 11:28	225	2	47	40	0	24	49	9	1
310	07.06.2019 12:28	196	4	41	35	0	24	49	9	1
309	07.06.2019 13:28	194	4	36	39	0	24	49	9	1
308	07.06.2019 14:28	204	5	36	43	0	24	49	9	1
307	07.06.2019 15:28	178	5	30	39	0	24	49	9	1
306	07.06.2019 16:28	199	1	34	43	0	24	49	9	1
305	07.06.2019 17:28	147	3	30	27	0	24	49	9	1
304	07.06.2019 18:28	155	4	26	34	0	24	49	9	1
303	07.06.2019 19:28	145	1	25	31	0	24	49	9	1
302	07.06.2019 20:28	168	4	28	37	0	24	49	9	1
301	07.06.2019 21:28	171	2	35	31	0	24	49	9	1
300	07.06.2019 22:28	196	3	41	35	0	24	49	9	1
299	07.06.2019 23:28	190	4	29	44	0	24	50	9	1
298	08.06.2019 0:28	104	2	9	31	0	24	50	9	1
297	08.06.2019 1:28	70	1	8	19	0	24	50	9	1
296	08.06.2019 2:28	79	3	15	15	0	24	51	9	1
295	08.06.2019 3:28	58	2	14	8	0	24	51	9	1
294	08.06.2019 4:28	110	1	17	25	0	24	51	9	1
293	08.06.2019 5:28	158	4	38	22	0	24	51	9	1
292	08.06.2019 6:28	163	4	36	26	0	24	51	9	1
291	08.06.2019 7:28	172	0	27	39	0	24	50	9	1
290	08.06.2019 8:28	175	4	35	32	0	24	50	9	1
289	08.06.2019 9:28	150	2	31	27	0	24	49	9	1
288	08.06.2019 10:28	160	3	30	32	0	24	49	9	1
287	08.06.2019 11:28	156	2	22	39	0	24	48	9	1
286	08.06.2019 12:28	111	3	20	24	0	24	47	9	1
285	08.06.2019 13:28	120	3	22	26	0	24	46	9	1
284	08.06.2019 14:28	146	2	29	29	0	24	46	9	1
283	08.06.2019 15:28	114	1	19	27	0	24	45	9	1
282	08.06.2019 16:28	129	2	25	27	0	24	45	9	1
281	08.06.2019 17:28	116	3	23	24	0	24	44	9	1
280	08.06.2019 18:28	133	2	23	31	0	24	44	9	1
279	08.06.2019 19:28	166	2	33	35	0	24	43	9	1
278	08.06.2019 20:28	185	4	43	33	0	24	43	9	1
277	08.06.2019 21:28	246	1	53	48	0	24	43	9	1
276	08.06.2019 22:28	185	5	37	39	0	24	43	9	1
275	08.06.2019 23:28	193	1	39	40	0	24	43	9	1
274	09.06.2019 0:28	227	3	56	37	0	24	43	9	1
273	09.06.2019 1:28	176	2	33	39	0	24	43	9	1
272	09.06.2019 2:28	195	0	39	41	0	24	43	9	1
271	09.06.2019 3:28	166	8	26	42	0	24	43	9	1
270	09.06.2019 4:28	171	4	33	38	0	24	42	9	1
269	09.06.2019 5:28	157	1	29	36	0	24	42	9	1
268	09.06.2019 6:28	166	5	36	33	0	24	42	9	1
267	09.06.2019 7:28	217	4	45	45	0	24	42	9	1
266	09.06.2019 8:28	222	6	43	49	0	24	42	9	1
265	09.06.2019 9:28	237	1	46	52	0	24	42	9	1
264	09.06.2019 10:28	205	7	37	48	0	24	42	9	1
263	09.06.2019 11:28	191	2	30	49	0	24	42	9	1
262	09.06.2019 12:28	181	1	34	41	0	24	42	9	1
261	09.06.2019 13:28	135	3	26	30	0	24	42	9	1
260	09.06.2019 14:28	113	4	22	25	0	24	42	9	1
259	09.06.2019 15:28	157	1	26	39	0	24	42	9	1
258	09.06.2019 16:28	152	0	30	33	0	24	42	9	1
257	09.06.2019 17:28	162	0	32	35	0	24	42	9	1
256	09.06.2019 18:28	174	3	32	40	0	24	42	9	1
255	09.06.2019 19:28	162	2	36	31	0	24	42	9	1
254	09.06.2019 20:28	173	3	38	33	0	24	43	9	1
253	09.06.2019 21:28	136	4	30	26	0	24	43	9	1
252	09.06.2019 22:28	141	5	29	29	0	24	43	9	1
251	09.06.2019 23:28	177	0	45	27	0	24	44	9	1
250	10.06.2019 0:28	145	2	18	41	0	24	44	9	1
249	10.06.2019 1:28	138	0	26	30	0	24	44	9	1
248	10.06.2019 2:28	99	3	19	21	0	24	45	9	1
247	10.06.2019 3:28	104	4	21	21	0	24	45	9	1
246	10.06.2019 4:28	79	1	10	22	0	24	45	9	1
245	10.06.2019 5:28	88	0	16	19	0	24	46	9	1
244	10.06.2019 6:28	37	0	5	10	0	24	46	9	1
243	10.06.2019 7:28	50	1	14	6	0	24	46	9	1
242	10.06.2019 8:28	78	0	17	14	0	24	46	9	1
241	10.06.2019 9:28	85	1	17	17	0	24	46	9	1
240	10.06.2019 10:28	86	3	16	18	0	24	47	9	1
239	10.06.2019 11:28	103	2	19	21	0	25	46	9	1
238	10.06.2019 12:28	109	2	26	17	0	24	47	9	1
237	10.06.2019 13:28	104	2	22	19	0	24	47	9	1
236	10.06.2019 14:28	153	1	40	19	0	25	47	9	1
235	10.06.2019 15:28	198	2	40	36	0	25	47	9	1
234	10.06.2019 16:28	195	3	37	38	0	25	47	9	1
233	10.06.2019 17:28	177	2	40	28	0	25	47	9	1
232	10.06.2019 18:28	216	4	41	42	0	25	47	9	1
231	10.06.2019 19:28	236	4	48	42	0	25	48	9	1
230	10.06.2019 20:28	244	4	40	53	0	25	48	9	1
229	10.06.2019 21:28	257	3	40	57	0	25	49	9	1
228	10.06.2019 22:28	188	2	29	42	0	25	49	9	1
227	10.06.2019 23:28	119	2	20	26	0	24	49	9	1
226	11.06.2019 0:28	104	0	12	28	0	24	50	9	1
225	11.06.2019 1:28	54	0	11	10	0	24	50	9	1
224	11.06.2019 2:28	83	1	15	17	0	24	50	9	1
223	11.06.2019 3:28	100	0	17	21	0	24	51	9	1
222	11.06.2019 4:28	47	1	5	13	0	24	51	9	1
221	11.06.2019 5:28	60	0	7	16	0	24	51	9	1
220	11.06.2019 6:28	34	0	6	7	0	24	52	9	1
219	11.06.2019 7:28	34	2	6	7	0	24	52	9	1
218	11.06.2019 8:28	35	1	5	8	0	25	52	9	1
217	11.06.2019 9:28	30	0	3	8	0	25	53	9	1
216	11.06.2019 10:28	32	3	5	7	0	25	53	9	1
215	11.06.2019 11:28	85	0	17	14	0	25	53	9	1
214	11.06.2019 12:28	73	1	16	11	0	25	52	9	1
213	11.06.2019 13:28	119	3	26	18	0	25	52	9	1
212	11.06.2019 14:28	119	1	19	25	0	25	52	9	1
211	11.06.2019 15:28	96	2	20	15	0	26	51	9	1
210	11.06.2019 16:28	124	5	22	23	0	26	51	9	1
209	11.06.2019 17:28	102	6	24	13	0	26	51	9	1
208	11.06.2019 18:28	132	1	20	28	0	26	51	9	1
207	11.06.2019 19:28	124	1	24	21	0	26	51	9	1
206	11.06.2019 20:28	155	3	20	38	0	25	50	9	1
205	11.06.2019 21:28	133	3	21	29	0	25	50	9	1
204	11.06.2019 22:28	110	0	25	16	0	25	51	9	1
203	11.06.2019 23:28	127	0	24	23	0	25	51	9	1
202	12.06.2019 0:28	118	3	22	22	0	25	51	9	1
201	12.06.2019 1:28	84	0	9	22	0	25	52	9	1
200	12.06.2019 2:28	95	2	12	23	0	25	52	9	1
199	12.06.2019 3:28	49	2	7	11	0	25	52	9	1
198	12.06.2019 4:28	49	1	12	6	0	25	52	9	1
197	12.06.2019 5:28	89	2	18	15	0	25	52	9	1
196	12.06.2019 6:28	87	0	9	23	0	25	52	9	1
195	12.06.2019 7:28	46	1	6	11	0	25	52	9	1
194	12.06.2019 8:28	59	3	10	12	0	25	52	9	1
193	12.06.2019 9:28	54	0	11	9	0	25	52	9	1
192	12.06.2019 10:28	72	0	19	8	0	25	51	9	1
191	12.06.2019 11:28	72	2	11	16	0	25	51	9	1
190	12.06.2019 12:28	64	0	10	14	0	25	51	9	1
189	12.06.2019 13:28	74	2	13	14	0	26	50	9	1
188	12.06.2019 14:28	71	1	11	15	0	26	50	9	1
187	12.06.2019 15:28	97	1	22	14	0	26	49	9	1
186	12.06.2019 16:28	70	0	13	13	0	26	49	9	1
185	12.06.2019 17:28	114	2	22	20	0	26	49	9	1
184	12.06.2019 18:28	106	0	15	24	0	26	49	9	1
183	12.06.2019 19:28	100	3	19	18	0	26	49	9	1
182	12.06.2019 20:28	155	1	28	29	0	26	49	9	1
181	12.06.2019 21:28	136	5	25	25	0	26	49	9	1
180	12.06.2019 22:28	175	3	45	19	0	26	50	9	1
179	12.06.2019 23:28	222	1	32	49	0	26	50	9	1
178	13.06.2019 0:28	227	1	43	40	0	26	50	9	1
177	13.06.2019 1:28	233	3	38	47	0	26	50	9	1
176	13.06.2019 2:28	241	4	50	38	0	26	50	9	1
175	13.06.2019 3:28	252	1	38	54	0	26	50	9	1
174	13.06.2019 4:28	299	1	59	50	0	26	50	9	1
173	13.06.2019 5:28	301	3	52	58	0	26	50	9	1
172	13.06.2019 6:28	246	4	45	45	0	26	50	9	1
171	13.06.2019 7:28	242	2	45	44	0	26	49	9	1
170	13.06.2019 8:28	157	1	27	31	0	26	49	9	1
169	13.06.2019 9:28	185	2	37	31	0	26	49	9	1
168	13.06.2019 10:28	164	5	30	31	0	26	48	9	1
167	13.06.2019 11:28	178	8	22	44	0	26	48	9	1
166	13.06.2019 12:28	151	0	31	25	0	26	48	9	1
165	13.06.2019 13:28	168	1	27	36	0	26	47	9	1
164	13.06.2019 14:28	248	1	46	47	0	26	47	9	1
163	13.06.2019 15:28	235	6	39	49	0	26	47	9	1
162	13.06.2019 16:28	205	2	38	39	0	26	47	9	1
161	13.06.2019 17:28	240	2	45	45	0	26	47	9	1
160	13.06.2019 18:28	216	0	40	41	0	26	47	9	1
159	13.06.2019 19:28	240	5	50	39	0	26	48	9	1
158	13.06.2019 20:28	256	3	40	55	0	26	48	9	1
157	13.06.2019 21:28	231	1	31	55	0	26	48	9	1
156	13.06.2019 22:28	179	4	29	37	0	26	49	9	1
155	13.06.2019 23:28	198	1	31	42	0	26	49	9	1
154	14.06.2019 0:28	193	2	36	35	0	26	49	9	1
153	14.06.2019 1:28	164	1	25	35	0	26	50	9	1
152	14.06.2019 2:28	153	2	25	31	0	26	50	9	1
151	14.06.2019 3:28	153	0	28	28	0	26	50	9	1
150	14.06.2019 4:28	164	5	24	36	0	26	50	9	1
149	14.06.2019 5:28	192	6	38	32	0	26	50	9	1
148	14.06.2019 6:28	175	4	35	29	0	26	50	9	1
147	14.06.2019 7:28	246	2	50	40	0	26	50	9	1
146	14.06.2019 8:28	203	6	36	38	0	26	50	9	1
145	14.06.2019 9:28	238	4	35	52	0	26	50	9	1
144	14.06.2019 10:28	241	2	44	44	0	26	50	9	1
143	14.06.2019 11:28	236	3	38	48	0	26	50	9	1
142	14.06.2019 12:28	228	3	36	48	0	26	49	9	1
141	14.06.2019 13:28	223	5	33	49	0	26	49	9	1
140	14.06.2019 14:28	204	2	41	34	0	26	49	9	1
139	14.06.2019 15:28	242	3	40	47	0	27	49	9	1
138	14.06.2019 16:28	189	9	27	41	0	27	49	9	1
137	14.06.2019 17:28	217	5	44	34	0	27	49	9	1
136	14.06.2019 18:28	284	2	42	60	0	27	49	9	1
135	14.06.2019 19:28	239	8	43	45	0	26	49	9	1
134	14.06.2019 20:28	247	2	44	47	0	26	49	9	1
133	14.06.2019 21:28	293	5	59	49	0	26	49	9	1
132	14.06.2019 22:28	269	4	43	56	0	26	49	9	1
131	14.06.2019 23:28	244	1	39	50	0	26	50	9	1
130	15.06.2019 0:28	178	2	20	45	0	26	50	9	1
129	15.06.2019 1:28	152	3	16	39	0	26	51	9	1
128	15.06.2019 2:28	118	2	14	29	0	26	51	9	1
127	15.06.2019 3:28	83	2	15	15	0	26	51	9	1
126	15.06.2019 4:28	77	1	7	21	0	26	51	9	1
125	15.06.2019 5:28	63	2	10	13	0	26	51	9	1
124	15.06.2019 6:28	38	1	7	7	0	26	51	9	1
123	15.06.2019 7:28	38	2	8	6	0	26	51	9	1
122	15.06.2019 8:28	60	2	11	11	0	26	51	9	1
121	15.06.2019 9:28	101	1	21	15	0	27	50	9	1
120	15.06.2019 10:28	151	2	34	20	0	27	50	9	1
119	15.06.2019 11:28	195	2	38	31	0	27	51	9	1
118	15.06.2019 12:28	215	3	41	35	0	27	51	9	1
117	15.06.2019 13:28	229	3	39	42	0	27	51	9	1
116	15.06.2019 14:28	280	3	59	41	0	27	50	9	1
115	15.06.2019 15:28	294	5	45	60	0	27	50	9	1
114	15.06.2019 16:28	252	3	39	51	0	27	50	9	1
113	15.06.2019 17:28	238	2	32	53	1	27	50	9	1
112	15.06.2019 18:28	233	3	32	51	0	27	50	9	1
111	15.06.2019 19:28	159	2	24	34	0	26	50	9	1
110	15.06.2019 20:28	148	4	22	32	0	26	50	9	1
109	15.06.2019 21:28	189	3	39	30	0	26	50	9	1
108	15.06.2019 22:28	167	1	35	26	0	26	50	9	1
107	15.06.2019 23:28	175	4	25	39	0	26	50	9	1
106	16.06.2019 0:28	216	1	50	29	0	26	50	9	1
105	16.06.2019 1:28	211	4	42	35	0	26	50	9	1
104	16.06.2019 2:28	167	2	21	40	0	26	50	9	1
103	16.06.2019 3:28	186	2	25	43	0	26	50	9	1
102	16.06.2019 4:28	145	2	24	29	0	26	50	9	1
101	16.06.2019 5:28	175	1	29	35	0	26	50	9	1
100	16.06.2019 6:28	192	1	34	36	0	26	50	9	1
99	16.06.2019 7:28	178	6	30	35	0	26	50	9	1
98	16.06.2019 8:28	178	3	29	36	0	26	50	9	1
97	16.06.2019 9:28	142	0	25	27	0	26	50	9	1
96	16.06.2019 10:28	148	3	35	19	0	26	50	9	1
95	16.06.2019 11:28	139	7	21	30	0	26	50	9	1
94	16.06.2019 12:28	170	2	25	37	0	26	50	9	1
93	16.06.2019 13:28	144	1	28	25	0	26	49	9	1
92	16.06.2019 14:28	136	1	23	27	0	26	49	9	1
91	16.06.2019 15:28	137	2	28	23	0	26	48	9	1
90	16.06.2019 16:28	156	4	26	32	0	26	48	9	1
89	16.06.2019 17:28	126	6	22	25	0	26	48	9	1
88	16.06.2019 18:28	138	1	26	26	0	26	47	9	1
87	16.06.2019 19:28	130	3	17	32	0	26	47	9	1
86	16.06.2019 20:28	141	4	20	33	0	26	47	9	1
85	16.06.2019 21:28	120	5	26	19	0	26	47	9	1
84	16.06.2019 22:28	144	2	27	27	0	26	47	9	1
83	16.06.2019 23:28	138	4	28	24	0	26	47	9	1
82	17.06.2019 0:28	136	2	25	26	0	26	47	9	1
81	17.06.2019 1:28	187	2	36	34	0	26	47	9	1
80	17.06.2019 2:28	147	2	27	28	0	26	47	9	1
79	17.06.2019 3:28	168	0	28	35	0	26	47	9	1
78	17.06.2019 4:28	165	5	32	30	0	26	47	9	1
77	17.06.2019 5:28	187	3	36	34	0	26	47	9	1
76	17.06.2019 6:28	168	3	28	35	0	26	47	9	1
75	17.06.2019 7:28	200	3	41	34	0	26	47	9	1
74	17.06.2019 8:28	200	7	41	34	0	26	47	9	1
73	17.06.2019 9:28	286	2	53	54	0	26	47	9	1
72	17.06.2019 10:28	243	4	40	51	0	26	47	9	1
71	17.06.2019 11:28	217	3	36	46	0	26	46	9	1
70	17.06.2019 12:28	195	0	28	46	0	26	46	9	1
69	17.06.2019 13:28	164	1	24	38	0	26	46	9	1
68	17.06.2019 14:28	150	2	29	28	0	26	46	9	1
67	17.06.2019 15:28	165	3	33	30	0	26	45	9	1
66	17.06.2019 16:28	167	5	26	38	0	26	45	9	1
65	17.06.2019 17:28	152	4	26	32	0	26	45	9	1
64	17.06.2019 18:28	191	3	31	42	0	26	45	9	1
63	17.06.2019 19:28	186	4	36	35	0	26	45	9	1
62	17.06.2019 20:28	157	1	35	25	0	26	45	9	1
61	17.06.2019 21:28	154	4	30	29	0	26	45	9	1
60	17.06.2019 22:28	153	4	26	34	0	25	45	9	1
59	17.06.2019 23:28	191	0	35	40	0	25	45	9	1
58	18.06.2019 0:28	214	4	37	47	0	25	45	9	1
57	18.06.2019 1:28	189	10	43	31	0	25	45	9	1
56	18.06.2019 2:28	183	3	39	32	0	25	46	9	1
55	18.06.2019 3:28	183	3	33	38	0	25	46	9	1
54	18.06.2019 4:28	206	7	38	42	0	25	46	9	1
53	18.06.2019 5:28	193	2	34	41	0	25	46	9	1
52	18.06.2019 6:28	196	3	28	48	0	25	46	9	1
51	18.06.2019 7:28	191	3	35	39	0	25	46	9	1
50	18.06.2019 8:28	255	2	43	56	0	25	46	9	1
49	18.06.2019 9:28	183	2	26	45	0	25	46	9	1
48	18.06.2019 10:28	161	4	31	32	0	25	45	9	1
47	18.06.2019 11:28	153	5	31	29	0	25	45	9	1
46	18.06.2019 12:28	168	3	31	35	0	25	45	9	1
45	18.06.2019 13:28	167	2	34	30	0	26	45	9	1
44	18.06.2019 14:28	146	3	30	26	0	26	45	9	1
43	18.06.2019 15:28	160	5	31	30	0	26	45	9	1
42	18.06.2019 16:28	186	1	30	41	0	26	45	9	1
41	18.06.2019 17:28	165	2	39	24	0	26	45	9	1
40	18.06.2019 18:28	246	2	50	45	0	26	44	9	1
39	18.06.2019 19:28	181	2	29	41	0	26	44	9	1
38	18.06.2019 20:28	212	0	35	47	0	26	44	9	1
37	18.06.2019 21:28	174	1	32	35	0	26	44	9	1
36	18.06.2019 22:28	157	1	34	28	0	25	44	9	1
35	18.06.2019 23:28	156	1	25	36	0	25	45	9	1
34	19.06.2019 0:28	133	3	23	29	0	25	45	9	1
33	19.06.2019 1:28	115	2	23	22	0	25	45	9	1
32	19.06.2019 2:28	174	3	35	33	0	25	45	9	1
31	19.06.2019 3:28	145	2	30	27	0	25	45	9	1
30	19.06.2019 4:28	150	2	28	31	0	25	45	9	1
29	19.06.2019 5:28	204	4	37	43	0	25	45	9	1
28	19.06.2019 6:28	155	1	23	37	0	25	46	9	1
27	19.06.2019 7:28	211	3	37	45	0	25	46	9	1
26	19.06.2019 8:28	238	1	40	50	0	26	46	9	1
25	19.06.2019 9:28	254	4	51	45	0	26	46	9	1
24	19.06.2019 10:28	214	2	33	48	0	26	46	9	1
23	19.06.2019 11:28	157	4	22	37	0	26	47	9	1
22	19.06.2019 12:28	112	4	15	27	0	26	47	9	1
21	19.06.2019 13:28	77	1	13	16	0	26	47	9	1
20	19.06.2019 14:28	85	2	18	14	0	26	47	9	1
19	19.06.2019 15:28	108	2	22	19	0	26	46	9	1
18	19.06.2019 16:28	113	2	31	12	0	26	46	9	1
17	19.06.2019 17:28	198	1	42	33	0	26	46	9	1
16	19.06.2019 18:28	185	4	33	37	0	26	46	9	1
15	19.06.2019 19:28	177	6	36	31	0	26	46	9	1
14	19.06.2019 20:28	145	1	22	33	0	26	46	9	1
13	19.06.2019 21:28	148	1	24	32	0	26	46	9	1
12	19.06.2019 22:28	181	3	33	35	0	26	47	9	1
11	19.06.2019 23:28	168	1	29	34	0	26	47	9	1
10	20.06.2019 0:28	160	10	37	23	0	26	47	9	1
9	20.06.2019 1:28	189	2	39	32	0	26	47	9	1
8	20.06.2019 2:28	200	3	36	39	0	26	47	9	1
7	20.06.2019 3:28	184	0	35	34	0	26	47	9	1
6	20.06.2019 4:28	165	1	27	35	0	26	47	9	1
5	20.06.2019 5:28	197	2	37	37	0	26	47	9	1
4	20.06.2019 6:28	208	2	47	31	0	26	47	9	1
3	20.06.2019 7:28	216	6	35	46	0	26	47	9	1
2	20.06.2019 8:28	227	1	43	42	0	26	47	9	1
1	20.06.2019 9:28	186	0	30	41	0	26	45	9	1
