záznam	èas	radon[Bq/m3]	sum1	sum2	sum3	sum4	Teplota[°C]	Vlhkost[%]	HV	Algorit.	
1	23.05.2019 13:00	2286	152	1054	108	0	12	48	8	1	
2	23.05.2019 14:00	5589	414	1742	1101	1	11	51	7	1	
3	23.05.2019 15:00	4725	284	956	1388	0	11	54	7	1	
4	23.05.2019 16:00	3038	173	513	982	1	11	55	8	1	
5	23.05.2019 17:00	1746	112	269	577	0	11	57	7	1	
6	23.05.2019 18:00	1059	97	203	306	0	11	58	7	1	
7	23.05.2019 19:00	767	67	151	215	0	11	59	7	1	
8	23.05.2019 20:00	604	64	125	161	0	11	60	8	1	
9	23.05.2019 21:00	395	51	89	97	0	11	61	8	1	
10	23.05.2019 22:00	349	56	103	60	0	11	62	8	1	
11	23.05.2019 23:00	353	49	102	63	0	11	62	8	1	
12	24.05.2019 00:00	330	45	80	73	0	11	63	8	1	
13	24.05.2019 01:00	382	55	99	77	0	11	64	8	1	
14	24.05.2019 02:00	382	57	116	60	0	11	64	8	1	
15	24.05.2019 03:00	389	52	109	69	0	11	65	8	1	
16	24.05.2019 04:00	376	61	89	83	0	11	65	8	1	
17	24.05.2019 05:00	381	47	100	79	0	10	65	8	1	
18	24.05.2019 06:00	392	50	104	79	0	10	66	8	1	
19	24.05.2019 07:00	375	60	97	78	0	10	66	8	1	
20	24.05.2019 08:00	392	53	104	74	0	11	66	8	1	
21	24.05.2019 09:00	468	64	137	74	0	11	67	8	1	
22	24.05.2019 10:00	490	63	131	90	0	11	67	8	1	
23	24.05.2019 11:00	475	51	103	111	0	11	67	8	1	
24	24.05.2019 12:00	404	44	103	79	0	11	67	8	1	
25	24.05.2019 13:00	435	58	113	83	0	11	67	8	1	
26	24.05.2019 14:00	465	57	128	80	0	11	68	8	1	
27	24.05.2019 15:00	492	65	130	90	0	11	68	8	1	
28	24.05.2019 16:00	480	68	123	92	0	11	68	7	1	
29	24.05.2019 17:00	460	52	117	89	0	11	68	8	1	
30	24.05.2019 18:00	535	68	130	108	0	11	69	8	1	
31	24.05.2019 19:00	594	60	129	135	0	11	69	8	1	
32	24.05.2019 20:00	583	55	132	127	0	11	69	8	1	
33	24.05.2019 21:00	565	72	132	119	0	11	69	7	1	
34	24.05.2019 22:00	463	68	97	109	0	11	69	8	1	
35	24.05.2019 23:00	448	37	108	90	0	11	70	8	1	
36	25.05.2019 00:00	346	46	82	71	0	11	70	8	1	
37	25.05.2019 01:00	353	59	85	71	0	11	70	8	1	
38	25.05.2019 02:00	247	55	68	41	0	11	70	8	1	
39	25.05.2019 03:00	310	59	79	58	0	11	70	8	1	
40	25.05.2019 04:00	253	57	76	35	0	11	71	8	1	
41	25.05.2019 05:00	358	41	100	57	0	11	71	8	1	
42	25.05.2019 06:00	342	59	80	70	0	11	71	8	1	
43	25.05.2019 07:00	280	48	76	47	0	11	71	8	1	
44	25.05.2019 08:00	214	40	54	40	0	11	71	8	1	
45	25.05.2019 09:00	212	55	58	35	0	11	71	8	1	
46	25.05.2019 10:00	300	40	101	30	0	11	72	8	1	
47	25.05.2019 11:00	387	50	118	51	0	11	72	8	1	
48	25.05.2019 12:00	505	71	144	76	0	11	72	8	1	
49	25.05.2019 13:00	654	53	169	116	0	11	72	8	1	
50	25.05.2019 14:00	649	55	149	134	0	11	72	8	1	
51	25.05.2019 15:00	635	51	143	126	0	12	72	8	1	
52	25.05.2019 16:00	576	53	132	112	0	12	72	8	1	
53	25.05.2019 17:00	528	46	118	107	0	12	71	8	1	
54	25.05.2019 18:00	481	52	104	100	0	12	72	8	1	
55	25.05.2019 19:00	318	40	70	65	0	12	72	8	1	
56	25.05.2019 20:00	394	56	113	54	0	12	72	8	1	
57	25.05.2019 21:00	505	53	124	90	0	12	72	8	1	
58	25.05.2019 22:00	511	50	120	95	0	12	73	8	1	
59	25.05.2019 23:00	542	40	116	112	0	12	73	8	1	
60	26.05.2019 00:00	425	54	96	83	0	12	73	8	1	
61	26.05.2019 01:00	381	40	98	67	0	11	73	8	1	
62	26.05.2019 02:00	297	43	76	52	0	11	74	8	1	
63	26.05.2019 03:00	334	35	76	68	0	11	74	8	1	
64	26.05.2019 04:00	232	38	63	37	0	11	74	8	1	
65	26.05.2019 05:00	290	38	80	45	0	11	74	8	1	
66	26.05.2019 06:00	276	51	73	46	0	11	74	8	1	
67	26.05.2019 07:00	325	40	87	53	0	11	74	8	1	
68	26.05.2019 08:00	288	47	69	55	0	11	74	8	1	
69	26.05.2019 09:00	279	48	77	39	0	12	75	8	1	
70	26.05.2019 10:00	353	42	108	39	0	12	75	8	1	
71	26.05.2019 11:00	498	60	121	86	0	12	75	8	1	
72	26.05.2019 12:00	572	44	138	100	0	12	75	8	1	
73	26.05.2019 13:00	611	50	145	109	0	12	75	8	1	
74	26.05.2019 14:00	642	56	142	125	0	12	75	7	1	
75	26.05.2019 15:00	608	61	145	108	0	12	75	8	1	
76	26.05.2019 16:00	688	55	150	136	0	12	75	8	1	
77	26.05.2019 17:00	758	45	174	141	0	12	75	8	1	
78	26.05.2019 18:00	654	44	133	139	0	12	75	8	1	
79	26.05.2019 19:00	765	58	175	143	0	12	75	8	1	
80	26.05.2019 20:00	743	49	177	132	0	12	75	8	1	
81	26.05.2019 21:00	937	59	220	167	0	12	76	8	1	
82	26.05.2019 22:00	854	53	186	167	0	12	76	8	1	
83	26.05.2019 23:00	823	41	163	177	1	12	76	8	1	
84	27.05.2019 00:00	731	52	162	140	0	12	76	8	1	
85	27.05.2019 01:00	825	45	187	154	0	12	76	8	1	
86	27.05.2019 02:00	830	50	194	149	0	12	76	8	1	
87	27.05.2019 03:00	762	46	163	152	0	12	76	7	1	
88	27.05.2019 04:00	755	47	175	137	0	12	76	8	1	
89	27.05.2019 05:00	837	40	192	154	0	12	76	8	1	
90	27.05.2019 06:00	736	36	169	135	0	12	76	8	1	
91	27.05.2019 07:00	655	29	121	148	0	12	77	8	1	
92	27.05.2019 08:00	579	36	136	102	0	12	77	8	1	
93	27.05.2019 09:00	701	47	168	120	0	12	77	8	1	
94	27.05.2019 10:00	862	49	203	151	0	12	77	8	1	
95	27.05.2019 11:00	1023	53	259	161	0	12	77	8	1	
96	27.05.2019 12:00	1145	47	264	206	0	12	77	8	1	
97	27.05.2019 13:00	1169	41	269	211	0	12	77	8	1	
98	27.05.2019 14:00	1201	47	222	271	0	12	77	8	1	
99	27.05.2019 15:00	1001	47	208	203	0	12	77	8	1	
100	27.05.2019 16:00	1057	59	223	211	0	12	77	8	1	
101	27.05.2019 17:00	925	60	190	190	0	12	77	8	1	
102	27.05.2019 18:00	794	37	166	160	0	12	77	8	1	
103	27.05.2019 19:00	833	46	190	152	0	12	77	8	1	
104	27.05.2019 20:00	796	34	162	163	0	12	78	8	1	
105	27.05.2019 21:00	703	49	156	131	0	12	78	9	1	
106	27.05.2019 22:00	620	38	134	119	0	12	78	9	1	
107	27.05.2019 23:00	600	44	134	111	0	12	78	9	1	
108	28.05.2019 00:00	541	41	119	102	0	12	78	9	1	
109	28.05.2019 01:00	563	43	124	106	0	12	78	10	1	
110	28.05.2019 02:00	526	34	127	88	0	12	78	10	1	
111	28.05.2019 03:00	578	39	129	107	0	12	78	10	1	
112	28.05.2019 04:00	626	46	152	102	0	12	79	10	1	
113	28.05.2019 05:00	574	45	134	99	0	12	79	10	1	
114	28.05.2019 06:00	599	38	144	99	0	12	79	10	1	
115	28.05.2019 07:00	631	49	140	116	0	12	79	11	1	
116	28.05.2019 08:00	537	41	116	102	0	12	79	11	1	
117	28.05.2019 09:00	525	39	123	90	0	12	79	11	1	
118	28.05.2019 10:00	603	47	140	105	0	12	79	12	1	
119	28.05.2019 11:00	566	50	137	93	0	12	79	12	1	
120	28.05.2019 12:00	538	36	136	81	0	12	80	11	1	
121	28.05.2019 13:00	575	45	134	98	0	12	80	11	1	
122	28.05.2019 14:00	580	37	130	104	0	12	80	11	1	
123	28.05.2019 15:00	567	29	137	92	0	12	80	12	1	
124	28.05.2019 16:00	515	35	110	98	0	12	80	13	1	
125	28.05.2019 17:00	476	28	106	86	0	12	80	13	1	
126	28.05.2019 18:00	423	29	93	78	1	12	80	13	1	
127	28.05.2019 19:00	364	37	89	58	0	12	80	12	1	
128	28.05.2019 20:00	332	38	77	57	0	12	80	11	1	
129	28.05.2019 21:00	282	38	71	43	0	12	80	11	1	
130	28.05.2019 22:00	344	38	93	46	0	12	80	10	1	
131	28.05.2019 23:00	245	31	58	41	0	12	80	10	1	
132	29.05.2019 00:00	230	29	61	32	0	12	80	10	1	
133	29.05.2019 01:00	247	25	76	24	0	12	80	10	1	
134	29.05.2019 02:00	230	36	65	28	0	12	80	10	1	
135	29.05.2019 03:00	245	39	73	26	0	12	80	10	1	
136	29.05.2019 04:00	188	28	49	27	0	12	80	10	1	
137	29.05.2019 05:00	228	38	69	23	0	12	80	10	1	
138	29.05.2019 06:00	208	30	60	24	0	12	80	10	1	
139	29.05.2019 07:00	200	31	59	22	0	12	80	10	1	
140	29.05.2019 08:00	203	36	62	20	0	12	80	9	1	
141	29.05.2019 09:00	210	37	54	31	0	12	80	9	1	
142	29.05.2019 10:00	195	28	62	17	0	12	80	9	1	
143	29.05.2019 11:00	223	35	63	27	0	12	80	9	1	
144	29.05.2019 12:00	208	36	62	22	0	12	80	9	1	
145	29.05.2019 13:00	245	35	74	25	0	12	80	9	1	
146	29.05.2019 14:00	190	28	57	20	0	12	80	8	1	
147	29.05.2019 15:00	190	35	58	19	0	12	80	8	1	
148	29.05.2019 16:00	148	34	39	21	0	12	80	8	1	
149	29.05.2019 17:00	158	40	50	14	0	12	80	8	1	
150	29.05.2019 18:00	180	31	65	8	0	12	80	8	1	
151	29.05.2019 19:00	168	41	53	15	0	12	80	8	1	
152	29.05.2019 20:00	183	32	51	23	0	12	80	8	1	
153	29.05.2019 21:00	178	32	60	12	0	12	80	8	1	
154	29.05.2019 22:00	233	31	71	23	0	12	80	8	1	
155	29.05.2019 23:00	176	39	51	20	0	12	80	8	1	
156	30.05.2019 00:00	180	25	53	20	0	12	80	8	1	
157	30.05.2019 01:00	213	30	59	27	0	12	80	8	1	
158	30.05.2019 02:00	192	40	59	19	0	12	79	8	1	
159	30.05.2019 03:00	182	41	55	21	0	11	79	8	1	
160	30.05.2019 04:00	210	40	65	23	0	11	79	8	1	
161	30.05.2019 05:00	198	29	53	30	0	11	79	8	1	
162	30.05.2019 06:00	196	34	65	17	0	11	79	8	1	
163	30.05.2019 07:00	198	30	61	22	0	11	79	8	1	
164	30.05.2019 08:00	191	27	57	23	0	11	79	8	1	
165	30.05.2019 09:00	201	36	58	26	0	11	79	8	1	
166	30.05.2019 10:00	179	26	50	25	0	11	79	8	1	
167	30.05.2019 11:00	195	45	56	26	0	11	78	8	1	
168	30.05.2019 12:00	196	33	60	20	0	12	78	8	1	
169	30.05.2019 13:00	154	26	50	13	0	12	78	8	1	
170	30.05.2019 14:00	174	31	58	13	0	12	78	8	1	
171	30.05.2019 15:00	213	17	68	19	0	12	78	8	1	
172	30.05.2019 16:00	230	37	67	27	0	12	78	8	1	
173	30.05.2019 17:00	202	42	61	22	0	12	77	8	1	
174	30.05.2019 18:00	187	41	57	20	0	12	77	8	1	
175	30.05.2019 19:00	255	25	69	36	0	12	77	8	1	
176	30.05.2019 20:00	214	35	61	27	0	12	77	8	1	
177	30.05.2019 21:00	175	39	58	14	0	12	77	8	1	
178	30.05.2019 22:00	234	41	74	25	0	11	77	8	1	
179	30.05.2019 23:00	243	26	70	33	0	11	77	8	1	
180	31.05.2019 00:00	241	40	58	44	0	11	77	8	1	
181	31.05.2019 01:00	255	41	72	36	0	11	77	8	1	
182	31.05.2019 02:00	269	33	74	40	0	11	77	8	1	
183	31.05.2019 03:00	255	37	72	36	0	11	77	8	1	
184	31.05.2019 04:00	234	42	72	27	0	11	77	8	1	
185	31.05.2019 05:00	232	42	68	30	0	11	77	8	1	
186	31.05.2019 06:00	248	32	66	39	0	11	77	8	1	
187	31.05.2019 07:00	210	42	53	36	0	11	77	8	1	
188	31.05.2019 08:00	246	38	62	42	0	11	77	8	1	
189	31.05.2019 09:00	267	34	86	27	0	11	77	8	1	
190	31.05.2019 10:00	286	45	71	50	0	11	77	8	1	
191	31.05.2019 11:00	336	30	81	61	0	11	77	8	1	
192	31.05.2019 12:00	288	51	71	51	0	11	77	8	1	
193	31.05.2019 13:00	289	29	82	37	0	12	77	8	1	
194	31.05.2019 14:00	277	35	79	35	0	12	77	8	1	
195	31.05.2019 15:00	211	31	54	33	0	12	77	8	1	
196	31.05.2019 16:00	260	38	68	39	0	12	77	8	1	
197	31.05.2019 17:00	324	42	93	40	0	12	77	7	1	
198	31.05.2019 18:00	311	40	74	54	0	12	77	8	1	
199	31.05.2019 19:00	380	35	100	56	0	12	77	8	1	
200	31.05.2019 20:00	584	29	150	90	0	12	77	8	1	
201	31.05.2019 21:00	567	39	143	90	0	12	77	8	1	
202	31.05.2019 22:00	657	49	142	128	0	12	77	8	1	
203	31.05.2019 23:00	699	47	136	151	0	12	77	8	1	
204	01.06.2019 00:00	589	36	123	119	0	12	77	8	1	
205	01.06.2019 01:00	443	40	96	85	0	12	78	8	1	
206	01.06.2019 02:00	416	43	108	62	0	12	78	9	1	
207	01.06.2019 03:00	281	37	64	51	0	12	78	9	1	
208	01.06.2019 04:00	274	37	70	42	0	12	78	9	1	
209	01.06.2019 05:00	306	46	81	44	0	12	78	9	1	
210	01.06.2019 06:00	289	32	74	44	0	12	78	9	1	
211	01.06.2019 07:00	313	39	98	29	0	12	79	9	1	
212	01.06.2019 08:00	423	36	105	67	0	12	79	8	1	
213	01.06.2019 09:00	549	47	148	75	0	12	79	9	1	
214	01.06.2019 10:00	606	46	153	93	0	12	79	9	1	
215	01.06.2019 11:00	510	38	99	108	0	12	79	9	1	
216	01.06.2019 12:00	554	45	136	89	0	12	79	9	1	
217	01.06.2019 13:00	504	35	114	85	0	13	79	10	1	
218	01.06.2019 14:00	423	32	87	80	0	13	79	9	1	
219	01.06.2019 15:00	319	39	68	58	0	13	79	9	1	
220	01.06.2019 16:00	248	34	65	33	0	13	79	9	1	
221	01.06.2019 17:00	192	32	45	31	0	13	79	8	1	
222	01.06.2019 18:00	172	27	54	14	0	13	79	8	1	
223	01.06.2019 19:00	190	28	63	12	0	13	79	9	1	
224	01.06.2019 20:00	162	28	52	12	0	13	79	10	1	
225	01.06.2019 21:00	112	37	40	4	0	13	80	11	1	
226	01.06.2019 22:00	117	33	42	4	0	13	80	11	1	
227	01.06.2019 23:00	160	32	53	10	0	13	80	12	1	
228	02.06.2019 00:00	214	43	60	24	0	13	80	12	1	
229	02.06.2019 01:00	277	40	80	29	0	13	80	12	1	
230	02.06.2019 02:00	266	33	75	29	0	13	81	12	1	
231	02.06.2019 03:00	241	38	66	28	0	13	81	12	1	
232	02.06.2019 04:00	256	22	70	33	0	12	81	11	1	
233	02.06.2019 05:00	254	40	75	27	0	12	81	11	1	
234	02.06.2019 06:00	259	34	70	34	0	12	81	11	1	
235	02.06.2019 07:00	274	34	77	30	0	13	81	12	1	
236	02.06.2019 08:00	235	36	64	28	0	13	81	15	1	
237	02.06.2019 09:00	194	42	50	26	0	13	81	16	1	
238	02.06.2019 10:00	218	32	57	28	0	13	81	15	1	
239	02.06.2019 11:00	176	31	48	19	0	14	81	15	1	
240	02.06.2019 12:00	171	35	51	14	0	14	81	14	1	
241	02.06.2019 13:00	171	36	54	11	0	14	81	13	1	
242	02.06.2019 14:00	176	26	55	12	0	14	81	11	1	
243	02.06.2019 15:00	123	24	44	3	0	14	81	10	1	
244	02.06.2019 16:00	145	37	48	7	1	14	81	10	1	
245	02.06.2019 17:00	250	27	78	19	0	13	82	10	1	
246	02.06.2019 18:00	471	42	128	55	0	13	82	10	1	
247	02.06.2019 19:00	680	46	165	99	0	13	82	10	1	
248	02.06.2019 20:00	871	44	199	139	0	13	82	10	1	
249	02.06.2019 21:00	1008	38	221	170	0	13	82	11	1	
250	02.06.2019 22:00	897	44	171	177	0	13	82	11	1	
251	02.06.2019 23:00	864	52	173	162	0	13	82	11	1	
252	03.06.2019 00:00	549	42	89	124	0	13	82	12	1	
253	03.06.2019 01:00	479	38	108	78	0	13	82	12	1	
254	03.06.2019 02:00	317	33	63	60	0	13	82	12	1	
255	03.06.2019 03:00	263	37	57	45	0	13	82	11	1	
256	03.06.2019 04:00	229	37	62	27	0	13	82	11	1	
257	03.06.2019 05:00	247	26	64	32	0	13	82	11	1	
258	03.06.2019 06:00	229	50	64	25	0	13	82	11	1	
259	03.06.2019 07:00	247	43	64	32	0	13	82	12	1	
260	03.06.2019 08:00	288	41	77	35	0	13	82	12	1	
261	03.06.2019 09:00	441	30	127	44	0	13	82	11	1	
262	03.06.2019 10:00	750	41	188	103	0	13	82	11	1	
263	03.06.2019 11:00	997	43	224	152	0	14	82	11	1	
264	03.06.2019 12:00	1296	62	284	205	0	14	82	11	1	
265	03.06.2019 13:00	1283	44	249	235	0	14	82	10	1	
266	03.06.2019 14:00	1378	65	288	232	0	14	82	10	1	
267	03.06.2019 15:00	1400	42	267	261	0	14	82	10	1	
268	03.06.2019 16:00	1455	45	281	268	0	14	82	10	1	
269	03.06.2019 17:00	1410	43	278	254	0	14	82	11	1	
270	03.06.2019 18:00	1426	48	280	258	0	14	82	11	1	
271	03.06.2019 19:00	1344	68	252	255	0	14	82	11	1	
272	03.06.2019 20:00	1490	56	290	272	0	14	82	11	1	
273	03.06.2019 21:00	1484	54	287	273	0	14	82	10	1	
274	03.06.2019 22:00	1487	49	284	277	0	14	82	11	1	
275	03.06.2019 23:00	1256	47	213	261	0	14	82	11	1	
276	04.06.2019 00:00	957	38	165	196	0	14	82	11	1	
277	04.06.2019 01:00	750	40	136	147	0	14	82	11	1	
278	04.06.2019 02:00	575	43	113	104	0	14	82	11	1	
279	04.06.2019 03:00	506	43	110	81	0	14	82	10	1	
280	04.06.2019 04:00	418	39	95	63	0	14	82	10	1	
281	04.06.2019 05:00	434	42	91	73	0	14	82	10	1	
282	04.06.2019 06:00	392	29	86	62	0	14	82	10	1	
283	04.06.2019 07:00	320	31	77	44	0	14	82	11	1	
284	04.06.2019 08:00	371	33	96	44	0	14	82	11	1	
285	04.06.2019 09:00	543	42	142	63	0	14	82	11	1	
286	04.06.2019 10:00	851	42	204	117	0	14	82	10	1	
287	04.06.2019 11:00	1179	45	257	188	0	14	82	10	1	
288	04.06.2019 12:00	1150	54	237	197	0	14	82	10	1	
289	04.06.2019 13:00	1185	50	242	205	0	14	82	10	1	
290	04.06.2019 14:00	1169	60	234	207	0	14	82	11	1	
291	04.06.2019 15:00	1134	63	227	201	0	14	82	10	1	
292	04.06.2019 16:00	1259	45	257	218	0	14	82	10	1	
293	04.06.2019 17:00	1219	55	238	222	0	14	82	10	1	
294	04.06.2019 18:00	1291	60	260	227	0	14	82	10	1	
295	04.06.2019 19:00	1360	45	287	226	0	14	82	10	1	
296	04.06.2019 20:00	1352	54	274	236	0	14	82	10	1	
297	04.06.2019 21:00	1495	65	255	309	0	14	82	10	1	
298	04.06.2019 22:00	1389	51	287	237	0	14	82	11	1	
299	04.06.2019 23:00	1339	33	244	261	0	14	82	11	1	
300	05.06.2019 00:00	1134	51	221	207	1	14	82	11	1	
301	05.06.2019 01:00	1065	58	190	212	0	14	82	11	1	
302	05.06.2019 02:00	843	42	159	159	0	14	82	11	1	
303	05.06.2019 03:00	845	44	154	165	0	14	82	11	1	
304	05.06.2019 04:00	710	64	131	137	0	14	82	12	1	
305	05.06.2019 05:00	474	35	111	68	0	14	82	13	1	
306	05.06.2019 06:00	426	41	88	73	0	14	82	13	1	
307	05.06.2019 07:00	461	32	96	78	0	14	82	13	1	
308	05.06.2019 08:00	506	40	121	70	0	14	82	12	1	
309	05.06.2019 09:00	644	40	145	98	0	14	82	12	1	
310	05.06.2019 10:00	901	46	201	139	0	14	82	12	1	
311	05.06.2019 12:22	349	42	36	75	0	25	65	8	1	
312	05.06.2019 13:22	206	47	38	29	1	25	61	7	1	
313	05.06.2019 14:22	298	35	77	23	0	24	60	7	1	
314	05.06.2019 15:22	329	39	78	34	0	24	58	7	1	
315	05.06.2019 16:22	453	54	93	62	0	24	57	7	1	
316	05.06.2019 17:22	412	53	89	53	0	24	56	7	1	
317	05.06.2019 18:22	504	52	99	76	0	24	55	7	1	
318	05.06.2019 19:22	451	34	96	62	0	24	54	7	1	
319	05.06.2019 20:22	428	50	83	68	0	24	53	7	1	
320	05.06.2019 21:22	470	50	94	72	0	24	53	7	1	
321	05.06.2019 22:22	478	46	94	76	0	24	52	7	1	
322	05.06.2019 23:22	382	54	87	49	0	24	52	7	1	
323	06.06.2019 00:22	427	42	95	57	0	24	52	7	1	
324	06.06.2019 01:22	306	59	66	43	0	24	52	7	1	
325	06.06.2019 02:22	337	31	74	46	0	24	52	7	1	
326	06.06.2019 03:22	427	45	93	59	0	24	52	7	1	
327	06.06.2019 04:22	379	44	72	63	0	24	52	7	1	
328	06.06.2019 05:22	385	44	78	59	0	24	52	7	1	
329	06.06.2019 06:22	337	34	72	48	0	24	52	7	1	
330	06.06.2019 07:22	357	57	76	51	0	24	52	7	1	
331	06.06.2019 08:22	264	45	61	33	0	24	52	7	1	
332	06.06.2019 09:22	379	43	86	49	0	24	52	7	1	
333	06.06.2019 10:22	334	48	65	55	0	24	51	7	1	
334	06.06.2019 11:22	253	41	48	43	0	24	51	7	1	
335	06.06.2019 12:22	290	39	62	42	0	24	51	7	1	
336	06.06.2019 13:22	259	50	60	33	0	24	51	7	1	
337	06.06.2019 14:22	312	42	82	30	0	24	51	7	1	
338	06.06.2019 15:22	301	46	68	40	0	24	51	7	1	
339	06.06.2019 16:22	317	39	69	45	0	24	51	7	1	
340	06.06.2019 17:22	326	35	65	52	0	24	51	7	1	
341	06.06.2019 18:22	295	40	63	43	0	24	51	7	1	
342	06.06.2019 19:22	331	46	70	49	0	24	51	7	1	
343	06.06.2019 20:22	345	31	89	35	0	24	51	7	1	
344	06.06.2019 22:22	379	59	88	48	0	24	51	7	1	
345	06.06.2019 23:22	479	44	101	71	0	24	51	7	1	
346	07.06.2019 00:22	396	58	81	61	0	24	51	7	1	
347	07.06.2019 01:22	474	36	98	72	0	24	51	7	1	
348	07.06.2019 02:22	315	52	58	55	0	24	51	7	1	
349	07.06.2019 03:22	345	55	71	52	0	24	52	7	1	
350	07.06.2019 04:22	244	44	60	27	0	24	52	7	1	
351	07.06.2019 05:22	317	29	79	35	0	24	51	7	1	
352	07.06.2019 06:22	317	52	70	44	0	24	51	7	1	
353	07.06.2019 07:22	354	37	72	55	0	24	51	7	1	
354	07.06.2019 08:22	362	48	81	49	0	24	51	7	1	
355	07.06.2019 09:22	326	56	69	48	0	24	51	7	1	
356	07.06.2019 10:22	365	42	80	52	0	24	50	7	1	
357	07.06.2019 11:22	373	44	79	56	0	24	50	7	1	
358	07.06.2019 12:22	329	53	77	42	0	24	50	7	1	
359	07.06.2019 13:22	365	43	77	55	0	24	50	7	1	
360	07.06.2019 14:22	431	51	88	68	0	24	50	7	1	
361	07.06.2019 15:22	420	48	82	70	0	24	50	7	1	
362	07.06.2019 16:22	359	42	73	57	0	24	50	7	1	
363	07.06.2019 17:22	342	42	80	45	0	24	49	7	1	
364	07.06.2019 18:22	331	43	69	52	0	24	49	7	1	
365	07.06.2019 19:22	323	47	66	51	0	24	50	7	1	
366	07.06.2019 20:22	348	43	75	51	0	24	50	7	1	
367	07.06.2019 21:22	367	55	89	44	0	24	50	7	1	
368	07.06.2019 22:22	409	46	100	48	0	24	50	7	1	
369	07.06.2019 23:22	445	52	100	61	0	24	50	7	1	
370	08.06.2019 00:22	507	48	93	89	0	24	51	7	1	
371	08.06.2019 01:22	507	48	100	82	0	24	51	7	1	
372	08.06.2019 02:22	496	55	96	82	0	24	51	7	1	
373	08.06.2019 03:22	516	45	110	75	0	24	51	7	1	
374	08.06.2019 04:22	538	39	104	89	0	24	51	7	1	
375	08.06.2019 05:22	569	52	119	85	1	24	51	7	1	
376	08.06.2019 06:22	499	51	94	85	0	24	51	7	1	
377	08.06.2019 07:22	432	37	79	76	0	24	51	7	1	
378	08.06.2019 08:22	379	49	78	58	0	24	51	7	1	
379	08.06.2019 09:22	323	61	70	47	0	24	50	7	1	
380	08.06.2019 10:22	345	52	69	57	0	24	49	7	1	
381	08.06.2019 11:22	260	52	59	37	0	24	48	7	1	
382	08.06.2019 12:22	247	44	54	38	0	24	47	7	1	
383	08.06.2019 13:22	253	40	69	26	0	24	46	7	1	
384	08.06.2019 14:22	263	38	66	34	0	24	45	7	1	
385	08.06.2019 15:22	321	41	66	56	0	24	45	7	1	
386	08.06.2019 16:22	319	38	74	47	0	24	45	7	1	
387	08.06.2019 17:22	259	51	55	43	0	25	43	7	1	
388	08.06.2019 18:22	302	38	77	37	0	25	43	7	1	
389	08.06.2019 19:22	364	53	86	55	0	24	43	7	1	
390	08.06.2019 20:22	294	39	60	54	0	24	43	7	1	
391	08.06.2019 21:22	320	54	76	48	0	24	43	7	1	
392	08.06.2019 22:22	377	50	93	53	0	24	43	7	1	
393	08.06.2019 23:22	376	46	94	53	0	24	42	7	1	
394	09.06.2019 00:22	396	47	87	68	0	24	42	7	1	
395	09.06.2019 01:22	368	60	89	55	1	24	42	7	1	
396	09.06.2019 02:22	345	32	72	63	0	24	42	7	1	
397	09.06.2019 03:22	342	45	70	64	0	24	42	7	1	
398	09.06.2019 04:22	365	49	90	53	0	24	42	7	1	
399	09.06.2019 05:22	386	46	88	63	0	24	42	7	1	
400	09.06.2019 06:22	370	49	90	55	0	24	42	7	1	
401	09.06.2019 07:22	416	53	104	59	0	24	42	7	1	
402	09.06.2019 08:22	373	50	90	56	0	24	42	7	1	
403	09.06.2019 09:22	345	47	67	68	0	24	42	7	1	
404	09.06.2019 10:22	336	46	78	55	0	24	41	7	1	
405	09.06.2019 11:22	265	60	60	45	0	24	41	7	1	
406	09.06.2019 12:22	303	35	70	50	0	24	41	7	1	
407	09.06.2019 13:22	285	42	67	46	0	24	41	7	1	
408	09.06.2019 14:22	260	46	69	34	0	24	41	7	1	
409	09.06.2019 15:22	258	41	65	37	0	24	41	7	1	
410	09.06.2019 16:22	298	46	70	48	0	24	41	7	1	
411	09.06.2019 17:22	301	47	66	53	0	24	41	7	1	
412	09.06.2019 18:22	318	37	68	58	0	24	41	7	1	
413	09.06.2019 19:22	312	55	73	49	0	24	42	7	1	
414	09.06.2019 20:22	202	52	42	37	0	24	42	7	1	
415	09.06.2019 21:22	289	44	72	40	0	24	43	7	1	
416	09.06.2019 22:22	255	60	63	36	0	24	43	7	1	
417	09.06.2019 23:22	363	46	88	51	0	24	44	7	1	
418	10.06.2019 00:22	478	47	108	75	0	24	44	7	1	
419	10.06.2019 01:22	482	48	106	77	0	24	45	7	1	
420	10.06.2019 02:22	493	52	113	74	0	24	45	7	1	
421	10.06.2019 03:22	501	38	100	90	0	24	45	7	1	
422	10.06.2019 04:22	463	57	94	80	0	24	46	7	1	
423	10.06.2019 05:22	439	60	87	78	0	24	46	7	1	
424	10.06.2019 06:22	410	47	86	68	0	24	46	7	1	
425	10.06.2019 07:22	426	45	94	66	0	24	46	7	1	
426	10.06.2019 08:22	437	43	86	78	0	24	46	7	1	
427	10.06.2019 09:22	370	53	66	73	0	24	46	7	1	
428	10.06.2019 10:22	309	44	64	51	0	24	47	7	1	
429	10.06.2019 11:22	285	56	59	47	0	24	47	7	1	
430	10.06.2019 12:22	298	46	63	48	0	24	47	7	1	
431	10.06.2019 13:22	312	52	63	53	0	24	47	7	1	
432	10.06.2019 14:22	355	49	84	45	0	25	47	7	1	
433	10.06.2019 15:22	394	47	100	43	0	25	47	7	1	
434	10.06.2019 16:22	353	30	82	46	0	25	47	7	1	
435	10.06.2019 17:22	314	53	60	54	0	25	47	7	1	
436	10.06.2019 18:22	427	50	106	49	0	25	47	7	1	
437	10.06.2019 19:22	350	46	67	60	0	25	47	7	1	
438	10.06.2019 20:22	297	46	62	45	0	25	48	7	1	
439	10.06.2019 21:22	361	43	72	58	0	25	48	7	1	
440	10.06.2019 22:22	306	56	71	42	0	24	48	7	1	
441	10.06.2019 23:22	312	44	65	49	0	24	49	7	1	
442	11.06.2019 00:22	211	49	43	34	0	24	49	7	1	
443	11.06.2019 01:22	208	60	46	30	0	24	49	7	1	
444	11.06.2019 02:22	222	47	42	39	0	24	49	7	1	
445	11.06.2019 03:22	279	48	61	41	0	24	49	7	1	
446	11.06.2019 04:22	400	52	92	53	0	24	50	7	1	
447	11.06.2019 05:22	423	48	79	74	0	24	50	7	1	
448	11.06.2019 06:22	446	50	100	60	0	24	51	7	1	
449	11.06.2019 07:22	396	47	75	67	0	24	51	7	1	
450	11.06.2019 08:22	417	48	83	63	0	25	51	7	1	
451	11.06.2019 09:22	331	49	63	53	0	25	51	7	1	
452	11.06.2019 10:22	297	54	61	43	0	25	51	7	1	
453	11.06.2019 11:22	348	54	84	38	0	25	51	7	1	
454	11.06.2019 12:22	328	43	68	47	0	25	51	7	1	
455	11.06.2019 13:22	208	40	41	32	0	25	51	7	1	
456	11.06.2019 14:22	303	64	76	31	0	25	50	7	1	
457	11.06.2019 15:22	291	41	59	44	0	25	50	7	1	
458	11.06.2019 16:22	310	46	70	37	0	26	50	7	1	
459	11.06.2019 17:22	301	56	64	40	0	26	50	7	1	
460	11.06.2019 18:22	328	54	64	52	0	25	50	7	1	
461	11.06.2019 19:22	255	44	55	35	0	25	50	7	1	
462	11.06.2019 20:22	246	41	57	30	0	25	50	7	1	
463	11.06.2019 21:22	289	65	59	43	0	25	50	7	1	
464	11.06.2019 22:22	267	41	67	25	0	26	50	7	1	
465	11.06.2019 23:22	255	52	58	32	0	25	50	7	1	
466	12.06.2019 00:22	234	46	56	26	0	25	51	7	1	
467	12.06.2019 01:22	288	52	60	41	0	25	51	7	1	
468	12.06.2019 02:22	265	44	59	34	0	25	51	7	1	
469	12.06.2019 03:22	357	59	73	52	0	25	51	7	1	
470	12.06.2019 04:22	397	61	83	56	0	25	51	7	1	
471	12.06.2019 05:22	386	65	79	55	0	25	52	7	1	
472	12.06.2019 06:22	412	56	79	64	0	25	52	7	1	
473	12.06.2019 07:22	475	51	85	80	0	25	52	7	1	
474	12.06.2019 08:22	377	56	67	64	0	25	52	7	1	
475	12.06.2019 09:22	362	44	65	62	0	25	51	7	1	
476	12.06.2019 10:22	274	41	46	50	0	25	51	7	1	
477	12.06.2019 11:22	297	45	60	44	0	25	51	7	1	
478	12.06.2019 12:22	243	52	61	25	0	25	50	7	1	
479	12.06.2019 13:22	218	53	46	31	0	25	50	7	1	
480	12.06.2019 14:22	249	47	52	34	0	26	50	7	1	
481	12.06.2019 15:22	261	53	58	33	0	26	49	7	1	
482	12.06.2019 16:22	284	40	58	41	0	26	49	7	1	
483	12.06.2019 17:22	258	52	60	30	0	26	49	7	1	
484	12.06.2019 18:22	244	60	62	23	0	26	49	7	1	
485	12.06.2019 19:22	250	46	50	37	0	26	49	7	1	
486	12.06.2019 20:22	267	49	59	33	0	26	50	7	1	
487	12.06.2019 21:22	252	61	54	33	0	26	50	7	1	
488	12.06.2019 22:22	264	56	55	36	0	26	50	7	1	
489	12.06.2019 23:22	293	42	59	42	0	26	50	7	1	
490	13.06.2019 00:22	327	40	68	45	0	26	50	7	1	
491	13.06.2019 01:22	308	56	62	46	0	25	51	7	1	
492	13.06.2019 02:22	382	45	83	51	0	25	51	7	1	
493	13.06.2019 03:22	331	45	63	53	0	25	51	7	1	
494	13.06.2019 04:22	314	44	56	54	0	25	51	7	1	
495	13.06.2019 05:22	351	47	80	43	0	25	51	7	1	
496	13.06.2019 06:22	320	50	59	54	0	25	50	7	1	
497	13.06.2019 07:22	328	54	69	47	0	25	50	7	1	
498	13.06.2019 08:22	269	49	54	41	0	25	50	7	1	
499	13.06.2019 09:22	252	48	54	35	0	25	50	7	1	
500	13.06.2019 10:22	294	47	60	45	0	25	49	7	1	
501	13.06.2019 11:22	270	59	60	34	0	26	49	7	1	
502	13.06.2019 12:22	276	57	70	26	0	26	49	7	1	
503	13.06.2019 13:22	290	56	68	34	0	26	48	7	1	
504	13.06.2019 14:22	356	48	75	50	0	26	48	7	1	
505	13.06.2019 15:22	427	55	88	62	0	26	48	7	1	
506	13.06.2019 16:22	373	50	77	54	0	26	48	7	1	
507	13.06.2019 17:22	348	48	75	47	0	26	48	7	1	
508	13.06.2019 18:22	385	48	78	57	0	26	48	7	1	
509	13.06.2019 19:22	336	50	63	55	0	26	48	7	1	
510	13.06.2019 20:22	330	53	71	44	0	26	49	7	1	
511	13.06.2019 21:22	316	38	65	45	0	26	49	7	1	
512	13.06.2019 22:22	302	53	59	46	0	26	49	7	1	
513	13.06.2019 23:22	281	55	56	41	0	26	50	7	1	
514	14.06.2019 00:22	269	39	51	42	0	26	50	7	1	
515	14.06.2019 01:22	246	42	59	26	0	26	50	7	1	
516	14.06.2019 02:22	269	50	56	37	0	26	50	7	1	
517	14.06.2019 03:22	287	48	58	41	0	26	50	7	1	
518	14.06.2019 04:22	310	52	67	39	0	26	51	7	1	
519	14.06.2019 05:22	269	66	50	42	0	26	51	7	1	
520	14.06.2019 06:22	307	59	64	41	0	26	51	7	1	
521	14.06.2019 07:22	310	58	69	37	0	26	51	7	1	
522	14.06.2019 08:22	342	41	76	42	0	26	50	7	1	
523	14.06.2019 09:22	330	53	66	48	0	26	50	7	1	
524	14.06.2019 10:22	435	64	94	56	0	26	50	7	1	
525	14.06.2019 11:22	316	55	55	54	0	26	50	7	1	
526	14.06.2019 12:22	339	58	68	49	0	26	50	7	1	
527	14.06.2019 13:22	342	41	69	49	0	26	50	7	1	
528	14.06.2019 14:22	330	57	81	33	0	26	50	7	1	
529	14.06.2019 15:22	319	49	66	45	0	26	49	7	1	
530	14.06.2019 16:22	293	50	64	38	0	26	49	7	1	
531	14.06.2019 17:22	397	50	78	60	0	26	49	7	1	
532	14.06.2019 18:22	382	53	77	56	0	26	49	7	1	
533	14.06.2019 19:22	330	56	79	36	0	26	49	7	1	
534	14.06.2019 20:22	327	59	62	51	0	26	50	7	1	
535	14.06.2019 21:22	365	45	76	50	0	26	50	7	1	
536	14.06.2019 22:22	348	63	65	55	0	26	50	7	1	
537	14.06.2019 23:22	304	52	62	43	0	26	50	7	1	
538	15.06.2019 00:22	339	58	54	63	0	26	50	7	1	
539	15.06.2019 01:22	289	55	54	45	0	26	51	7	1	
540	15.06.2019 02:22	254	52	51	36	0	26	51	7	1	
541	15.06.2019 03:22	220	51	42	34	0	26	50	7	1	
542	15.06.2019 04:22	197	43	40	28	0	26	50	7	1	
543	15.06.2019 05:22	289	64	57	42	0	26	51	7	1	
544	15.06.2019 06:22	310	67	66	40	0	26	51	7	1	
545	15.06.2019 07:22	275	54	52	42	0	26	51	7	1	
546	15.06.2019 08:22	313	53	57	50	0	26	51	7	1	
547	15.06.2019 09:22	245	44	50	34	0	26	51	7	1	
548	15.06.2019 10:22	248	52	51	34	0	26	51	7	1	
549	15.06.2019 11:22	278	43	57	38	0	26	51	7	1	
550	15.06.2019 12:22	336	48	69	46	0	26	51	7	1	
551	15.06.2019 13:22	302	63	68	33	0	27	51	7	1	
552	15.06.2019 14:22	413	56	82	56	0	27	51	7	1	
553	15.06.2019 15:22	371	50	72	52	0	27	51	7	1	
554	15.06.2019 16:22	403	57	70	66	0	27	50	7	1	
555	15.06.2019 17:22	362	51	76	49	0	26	50	7	1	
556	15.06.2019 18:22	336	68	64	52	0	26	50	7	1	
557	15.06.2019 19:22	383	50	78	53	0	26	51	7	1	
558	15.06.2019 20:22	345	56	64	54	0	26	51	7	1	
559	15.06.2019 21:22	313	55	52	55	0	26	51	7	1	
560	15.06.2019 22:22	397	59	88	48	0	26	51	7	1	
561	15.06.2019 23:22	421	64	75	69	0	26	51	7	1	
562	16.06.2019 00:22	389	54	73	60	0	26	51	7	1	
563	16.06.2019 01:22	392	44	73	61	0	26	51	7	1	
564	16.06.2019 02:22	318	44	65	44	0	26	51	7	1	
565	16.06.2019 03:22	310	52	60	46	0	26	51	7	1	
566	16.06.2019 04:22	330	52	67	46	0	26	51	7	1	
567	16.06.2019 05:22	275	67	57	37	0	26	51	7	1	
568	16.06.2019 06:22	295	53	57	44	0	26	51	7	1	
569	16.06.2019 07:22	336	53	78	37	0	26	51	7	1	
570	16.06.2019 08:22	330	61	67	46	0	26	51	7	1	
571	16.06.2019 09:22	286	60	53	45	0	26	51	7	1	
572	16.06.2019 10:22	278	60	56	39	0	26	51	7	1	
573	16.06.2019 11:22	272	57	54	39	0	26	51	7	1	
574	16.06.2019 12:22	228	51	41	37	1	26	51	7	1	
575	16.06.2019 13:22	220	54	51	25	0	26	50	7	1	
576	16.06.2019 14:22	207	44	51	21	0	26	49	7	1	
577	16.06.2019 15:22	258	41	60	30	0	26	49	7	1	
578	16.06.2019 16:22	284	55	54	45	0	26	49	7	1	
579	16.06.2019 17:22	262	51	59	33	0	26	48	7	1	
580	16.06.2019 18:22	265	40	44	49	0	26	48	7	1	
581	16.06.2019 19:22	265	35	58	36	0	26	47	7	1	
582	16.06.2019 20:22	260	62	56	36	0	26	47	7	1	
583	16.06.2019 21:22	262	57	52	41	0	26	47	7	1	
584	16.06.2019 22:22	251	52	60	29	0	26	47	7	1	
585	16.06.2019 23:22	291	45	67	36	0	26	47	7	1	
586	17.06.2019 00:22	313	47	67	44	0	26	47	7	1	
587	17.06.2019 01:22	350	51	81	43	0	26	47	7	1	
588	17.06.2019 02:22	375	41	73	60	0	26	47	7	1	
589	17.06.2019 03:22	342	58	67	57	0	25	47	7	1	
590	17.06.2019 04:22	331	56	66	54	0	25	47	7	1	
591	17.06.2019 05:22	397	42	80	64	0	25	47	7	1	
592	17.06.2019 06:22	311	65	61	52	0	25	47	7	1	
593	17.06.2019 07:22	395	42	85	55	0	26	47	7	1	
594	17.06.2019 08:22	387	54	70	67	0	26	47	7	1	
595	17.06.2019 09:22	333	58	70	49	0	26	46	7	1	
596	17.06.2019 10:22	445	58	90	69	0	26	46	7	1	
597	17.06.2019 11:22	280	49	56	44	0	26	46	7	1	
598	17.06.2019 12:22	266	64	54	41	0	26	46	7	1	
599	17.06.2019 13:22	291	63	61	44	0	26	45	7	1	
600	17.06.2019 14:22	271	48	51	47	0	26	45	7	1	
601	17.06.2019 15:22	260	51	53	41	0	26	45	7	1	
602	17.06.2019 16:22	299	60	66	43	0	26	44	7	1	
603	17.06.2019 17:22	310	55	70	43	0	26	44	7	1	
604	17.06.2019 18:22	335	54	71	51	0	26	44	7	1	
605	17.06.2019 19:22	304	56	57	54	0	26	44	7	1	
606	17.06.2019 20:22	351	48	69	59	0	26	44	7	1	
607	17.06.2019 21:22	310	57	67	46	0	26	44	7	1	
608	17.06.2019 22:22	384	58	81	59	0	26	44	7	1	
609	17.06.2019 23:22	435	49	86	71	0	26	45	7	1	
610	18.06.2019 00:22	414	59	83	70	0	25	45	7	1	
611	18.06.2019 01:22	438	59	94	68	0	25	45	7	1	
612	18.06.2019 02:22	409	52	77	73	0	25	46	7	1	
613	18.06.2019 03:22	377	56	81	57	0	25	46	7	1	
614	18.06.2019 04:22	374	68	69	68	0	25	46	7	1	
615	18.06.2019 05:22	377	54	71	67	0	25	46	7	1	
616	18.06.2019 06:22	327	57	71	49	0	25	46	7	1	
617	18.06.2019 07:22	284	59	60	45	0	25	45	7	1	
618	18.06.2019 08:22	302	59	64	46	0	26	44	7	1	
619	18.06.2019 09:22	294	52	61	45	0	26	45	7	1	
620	18.06.2019 10:22	299	59	62	46	0	26	45	7	1	
621	18.06.2019 11:22	246	49	57	32	0	26	45	7	1	
622	18.06.2019 12:22	252	48	62	29	0	26	45	7	1	
623	18.06.2019 13:22	255	45	54	39	0	26	44	7	1	
624	18.06.2019 14:22	249	52	53	38	0	26	44	7	1	
625	18.06.2019 15:22	285	56	66	38	0	26	44	7	1	
626	18.06.2019 16:22	266	52	62	35	0	26	44	7	1	
627	18.06.2019 17:22	285	61	64	40	0	26	44	7	1	
628	18.06.2019 18:22	318	49	82	34	0	26	44	7	1	
629	18.06.2019 19:22	412	53	84	66	0	26	44	7	1	
630	18.06.2019 20:22	431	61	99	58	0	26	44	7	1	
631	18.06.2019 21:22	398	64	69	76	0	26	44	7	1	
632	18.06.2019 22:22	401	57	83	63	0	26	44	7	1	
633	18.06.2019 23:22	492	58	99	83	0	25	45	7	1	
634	19.06.2019 00:22	441	68	81	82	0	25	45	7	1	
635	19.06.2019 01:22	446	65	96	69	0	25	45	7	1	
636	19.06.2019 02:22	387	51	67	76	0	25	45	7	1	
637	19.06.2019 03:22	341	51	69	57	0	25	45	7	1	
638	19.06.2019 04:22	358	54	78	53	0	25	46	7	1	
639	19.06.2019 05:22	407	56	80	69	0	25	46	7	1	
640	19.06.2019 06:22	459	48	81	87	0	25	46	7	1	
641	19.06.2019 07:22	363	53	71	62	0	25	46	7	1	
642	19.06.2019 08:22	322	50	70	44	0	26	47	7	1	
643	19.06.2019 09:22	409	35	92	53	0	26	47	7	1	
644	19.06.2019 10:22	342	43	66	55	0	26	47	7	1	
645	19.06.2019 11:22	378	60	78	56	0	26	47	7	1	
646	19.06.2019 12:22	359	67	69	58	0	26	47	7	1	
647	19.06.2019 13:22	373	62	69	63	0	26	47	7	1	
648	19.06.2019 14:22	367	54	71	59	0	26	47	7	1	
649	19.06.2019 15:22	384	59	80	56	0	26	47	7	1	
650	19.06.2019 16:22	288	60	57	46	0	26	46	7	1	
651	19.06.2019 17:22	285	44	52	50	0	26	46	7	1	
652	19.06.2019 18:22	257	56	54	38	0	26	46	7	1	
653	19.06.2019 19:22	240	45	56	30	0	26	46	7	1	
654	19.06.2019 20:22	291	42	65	38	0	26	47	7	1	
655	19.06.2019 21:22	302	58	65	42	0	26	47	7	1	
656	19.06.2019 22:22	407	48	91	53	0	26	47	7	1	
657	19.06.2019 23:22	525	67	121	65	0	26	47	7	1	
658	20.06.2019 00:22	506	72	85	94	0	26	47	7	1	
659	20.06.2019 01:22	467	55	85	79	0	26	48	7	1	
660	20.06.2019 02:22	464	56	78	85	0	26	48	7	1	
661	20.06.2019 03:22	450	41	88	70	0	26	48	7	1	
662	20.06.2019 04:22	431	50	84	71	0	25	48	7	1	
663	20.06.2019 05:22	406	65	84	62	0	25	48	7	1	
664	20.06.2019 06:22	411	67	78	71	0	25	47	7	1	
665	20.06.2019 07:22	373	59	70	62	0	26	47	7	1	
666	20.06.2019 08:22	375	59	78	55	0	26	47	7	1	