zaznam	cas	radon[Bq/m3]	sum1	sum2	sum3	sum4	Teplota[C]	Vlhkost[%]	HV	Algorit.	
1	23.05.2019 13:55	4041	81	854	219	0	23	47	9	1	
2	23.05.2019 14:55	4834	85	696	655	0	23	42	9	1	
3	23.05.2019 15:55	4691	81	585	721	0	24	40	9	1	
4	23.05.2019 16:55	4354	84	580	661	0	24	38	9	1	
5	23.05.2019 17:55	4336	79	565	686	0	24	37	9	1	
6	23.05.2019 18:55	3898	99	504	635	0	24	36	9	1	
7	23.05.2019 19:55	3578	71	474	585	0	24	35	9	1	
8	23.05.2019 20:55	3361	74	482	513	0	24	35	9	1	
9	23.05.2019 21:55	3274	68	446	523	0	24	35	9	1	
10	23.05.2019 22:55	2980	70	431	463	0	24	34	9	1	
11	23.05.2019 23:55	2654	56	348	448	0	24	34	9	1	
12	24.05.2019 00:55	2330	47	333	366	0	24	34	9	1	
13	24.05.2019 01:55	2357	49	325	382	0	24	34	9	1	
14	24.05.2019 02:55	1983	42	255	340	0	24	34	9	1	
15	24.05.2019 03:55	1813	45	241	303	0	24	34	9	1	
16	24.05.2019 04:55	1660	42	217	288	0	24	33	9	1	
17	24.05.2019 05:55	1565	26	226	250	0	24	33	9	1	
18	24.05.2019 06:55	1456	39	195	248	1	24	33	9	1	
19	24.05.2019 07:55	1440	32	204	234	0	24	33	9	1	
20	24.05.2019 08:55	1082	21	110	219	0	24	33	9	1	
21	24.05.2019 09:55	792	18	103	138	0	24	33	9	1	
22	24.05.2019 10:55	713	21	94	123	0	24	33	9	1	
23	24.05.2019 11:55	795	13	124	118	0	24	33	9	1	
24	24.05.2019 12:55	822	23	117	133	0	24	33	9	1	
25	24.05.2019 13:55	802	24	127	117	0	24	33	9	1	
26	24.05.2019 14:55	993	12	161	141	0	24	33	9	1	
27	24.05.2019 15:55	1039	16	140	168	0	25	33	9	1	
28	24.05.2019 16:55	1113	23	152	178	0	25	33	9	1	
29	24.05.2019 17:55	941	18	117	162	0	25	33	9	1	
30	24.05.2019 18:55	894	15	126	139	0	25	33	9	1	
31	24.05.2019 19:55	769	24	121	107	0	25	33	9	1	
32	24.05.2019 20:55	847	19	119	132	0	25	33	9	1	
33	24.05.2019 21:55	924	21	127	147	0	25	33	9	1	
34	24.05.2019 22:55	816	21	116	126	0	25	33	9	1	
35	24.05.2019 23:55	961	21	147	138	0	25	33	9	1	
36	25.05.2019 00:55	1049	28	138	173	0	25	33	9	1	
37	25.05.2019 01:55	1082	20	176	153	0	24	33	9	1	
38	25.05.2019 02:55	1167	31	160	195	0	24	33	9	1	
39	25.05.2019 03:55	1154	23	160	191	0	24	33	9	1	
40	25.05.2019 04:55	1147	23	175	174	0	24	33	9	1	
41	25.05.2019 05:55	1059	29	146	168	0	25	33	9	1	
42	25.05.2019 06:55	1123	24	153	180	0	25	33	9	1	
43	25.05.2019 07:55	1120	20	166	166	0	25	33	9	1	
44	25.05.2019 08:55	1228	20	179	185	0	25	33	9	1	
45	25.05.2019 09:55	1140	24	181	157	0	25	33	9	1	
46	25.05.2019 10:55	1221	18	179	183	0	25	33	9	1	
47	25.05.2019 11:55	1272	23	179	198	0	25	33	9	1	
48	25.05.2019 12:55	1134	20	144	192	0	25	33	9	1	
49	25.05.2019 13:55	1252	27	172	199	0	25	33	9	1	
50	25.05.2019 14:55	1198	16	163	197	0	25	32	9	1	
51	25.05.2019 15:55	895	28	120	149	0	25	32	9	1	
52	25.05.2019 16:55	795	18	115	124	0	25	32	9	1	
53	25.05.2019 17:55	559	10	81	87	0	25	32	9	1	
54	25.05.2019 18:55	441	9	43	86	0	25	34	9	1	
55	25.05.2019 19:55	310	6	39	53	0	25	33	9	1	
56	25.05.2019 20:55	297	5	42	46	0	25	33	9	1	
57	25.05.2019 21:55	354	7	54	51	0	25	33	9	1	
58	25.05.2019 22:55	401	8	65	54	0	25	33	9	1	
59	25.05.2019 23:55	529	11	89	68	0	25	33	9	1	
60	26.05.2019 00:55	546	8	75	87	0	25	33	9	1	
61	26.05.2019 01:55	560	6	82	84	0	25	33	9	1	
62	26.05.2019 02:55	577	9	72	99	0	25	33	9	1	
63	26.05.2019 03:55	533	12	76	82	0	25	33	9	1	
64	26.05.2019 04:55	533	8	78	80	0	25	33	9	1	
65	26.05.2019 05:55	452	9	68	66	0	25	33	9	1	
66	26.05.2019 06:55	588	11	76	103	0	24	33	9	1	
67	26.05.2019 07:55	470	12	63	80	0	24	33	9	1	
68	26.05.2019 08:55	490	10	73	76	0	24	33	9	1	
69	26.05.2019 09:55	542	5	73	92	0	24	33	9	1	
70	26.05.2019 10:55	638	7	103	91	0	24	33	9	1	
71	26.05.2019 11:55	568	10	83	90	0	24	33	9	1	
72	26.05.2019 12:55	638	12	102	92	0	24	33	9	1	
73	26.05.2019 13:55	670	16	89	112	0	24	34	9	1	
74	26.05.2019 14:55	740	13	122	100	0	24	34	9	1	
75	26.05.2019 15:55	676	12	99	104	0	24	34	9	1	
76	26.05.2019 16:55	673	7	97	105	0	24	34	9	1	
77	26.05.2019 17:55	670	17	97	104	0	24	34	9	1	
78	26.05.2019 18:55	726	11	104	114	0	24	34	9	1	
79	26.05.2019 19:55	720	16	108	108	0	24	34	9	1	
80	26.05.2019 20:55	734	10	105	121	0	23	34	9	1	
81	26.05.2019 21:55	617	11	89	101	0	23	34	9	1	
82	26.05.2019 22:55	701	9	101	115	0	23	34	9	1	
83	26.05.2019 23:55	763	14	105	130	0	23	34	9	1	
84	27.05.2019 00:55	786	12	125	117	0	23	34	9	1	
85	27.05.2019 01:55	805	11	109	139	0	23	34	9	1	
86	27.05.2019 02:55	916	9	128	154	0	23	34	9	1	
87	27.05.2019 03:55	860	9	127	138	0	23	34	9	1	
88	27.05.2019 04:55	893	13	133	142	1	23	34	9	1	
89	27.05.2019 05:55	894	11	131	148	0	22	35	9	1	
90	27.05.2019 06:55	792	15	117	130	0	22	35	9	1	
91	27.05.2019 07:55	888	9	139	138	0	22	35	9	1	
92	27.05.2019 08:55	888	17	136	141	0	22	35	9	1	
93	27.05.2019 09:55	983	10	145	150	0	23	36	9	1	
94	27.05.2019 10:55	854	16	110	153	0	22	36	9	1	
95	27.05.2019 11:55	711	15	95	124	0	22	36	9	1	
96	27.05.2019 12:55	828	13	127	128	0	22	36	9	1	
97	27.05.2019 13:55	828	13	114	141	0	22	36	9	1	
98	27.05.2019 14:55	776	12	115	124	0	22	36	9	1	
99	27.05.2019 15:55	701	11	108	108	0	22	36	9	1	
100	27.05.2019 16:55	857	10	131	133	0	22	36	9	1	
101	27.05.2019 17:55	698	12	95	120	0	22	36	9	1	
102	27.05.2019 18:55	808	11	114	135	0	22	36	9	1	
103	27.05.2019 19:55	756	23	119	114	0	22	36	9	1	
104	27.05.2019 20:55	834	12	128	129	0	22	36	9	1	
105	27.05.2019 21:55	808	16	124	125	0	22	36	9	1	
106	27.05.2019 22:55	906	17	136	143	0	22	36	9	1	
107	27.05.2019 23:55	860	19	137	135	0	21	36	9	1	
108	28.05.2019 00:55	926	12	146	147	0	21	36	9	1	
109	28.05.2019 01:55	901	14	127	158	0	21	36	9	1	
110	28.05.2019 02:55	980	16	147	159	0	21	37	9	1	
111	28.05.2019 03:55	880	13	140	135	0	21	37	9	1	
112	28.05.2019 04:55	948	15	141	155	0	21	37	9	1	
113	28.05.2019 05:55	925	11	152	137	0	21	37	9	1	
114	28.05.2019 06:55	1002	15	150	163	0	21	37	9	1	
115	28.05.2019 07:55	1034	16	158	165	0	21	37	9	1	
116	28.05.2019 08:55	963	19	132	165	2	21	38	9	1	
117	28.05.2019 09:55	787	9	106	134	0	21	39	9	1	
118	28.05.2019 10:55	603	10	60	124	0	21	39	9	1	
119	28.05.2019 11:55	492	8	67	83	0	21	39	9	1	
120	28.05.2019 12:55	456	7	63	76	0	21	39	9	1	
121	28.05.2019 13:55	492	13	68	82	0	21	39	9	1	
122	28.05.2019 14:55	479	9	71	75	0	21	39	9	1	
123	28.05.2019 15:55	626	6	88	103	0	21	39	9	1	
124	28.05.2019 16:55	544	13	87	77	0	21	40	9	1	
125	28.05.2019 17:55	514	7	71	84	0	21	40	9	1	
126	28.05.2019 18:55	547	11	86	79	0	21	40	9	1	
127	28.05.2019 19:55	528	9	68	93	0	21	39	9	1	
128	28.05.2019 20:55	469	6	65	78	0	21	39	9	1	
129	28.05.2019 21:55	446	3	67	69	0	21	39	9	1	
130	28.05.2019 22:55	462	6	79	62	0	21	39	9	1	
131	28.05.2019 23:55	502	9	66	87	0	21	39	9	1	
132	29.05.2019 00:55	411	2	57	70	0	21	38	9	1	
133	29.05.2019 01:55	465	6	67	75	0	21	39	9	1	
134	29.05.2019 02:55	488	9	72	73	0	22	39	9	1	
135	29.05.2019 03:55	468	3	70	69	0	22	39	9	1	
136	29.05.2019 04:55	427	3	65	62	0	22	39	9	1	
137	29.05.2019 05:55	386	7	47	66	0	23	38	9	1	
138	29.05.2019 06:55	427	6	65	60	0	23	38	9	1	
139	29.05.2019 07:55	382	1	48	64	0	23	38	9	1	
140	29.05.2019 08:55	283	2	29	53	0	23	39	9	1	
141	29.05.2019 09:55	190	1	9	46	0	23	39	9	1	
142	29.05.2019 10:55	172	5	24	26	0	23	39	9	1	
143	29.05.2019 11:55	164	3	23	25	0	23	38	9	1	
144	29.05.2019 12:55	222	2	27	38	0	23	38	9	1	
145	29.05.2019 13:55	194	5	33	24	0	23	38	9	1	
146	29.05.2019 14:55	194	0	31	26	0	23	38	9	1	
147	29.05.2019 15:55	283	6	42	41	0	23	38	9	1	
148	29.05.2019 16:55	239	0	39	31	0	23	38	9	1	
149	29.05.2019 17:55	276	1	46	35	0	23	38	9	1	
150	29.05.2019 18:55	270	5	28	52	0	23	37	9	1	
151	29.05.2019 19:55	243	4	35	37	0	23	37	9	1	
152	29.05.2019 20:55	246	4	34	39	0	23	37	9	1	
153	29.05.2019 21:55	232	3	33	36	0	23	37	9	1	
154	29.05.2019 22:55	236	5	37	33	0	23	37	9	1	
155	29.05.2019 23:55	270	6	41	40	0	23	36	9	1	
156	30.05.2019 00:55	283	5	41	44	0	23	36	9	1	
157	30.05.2019 01:55	270	5	39	41	0	23	37	9	1	
158	30.05.2019 02:55	336	5	48	53	0	23	36	9	1	
159	30.05.2019 03:55	370	4	46	65	0	23	36	9	1	
160	30.05.2019 04:55	313	3	36	58	0	23	36	9	1	
161	30.05.2019 05:55	343	1	41	62	1	23	36	9	1	
162	30.05.2019 06:55	223	7	38	29	0	23	36	9	1	
163	30.05.2019 07:55	339	3	54	49	0	23	35	9	1	
164	30.05.2019 08:55	312	3	41	54	0	23	35	9	1	
165	30.05.2019 09:55	335	2	53	49	0	23	35	9	1	
166	30.05.2019 10:55	263	1	37	43	0	23	35	9	1	
167	30.05.2019 11:55	289	2	38	50	0	23	35	9	1	
168	30.05.2019 12:55	342	3	53	51	0	23	35	9	1	
169	30.05.2019 13:55	309	6	47	47	0	23	35	9	1	
170	30.05.2019 14:55	276	5	39	45	0	23	35	9	1	
171	30.05.2019 15:55	348	4	55	51	0	23	35	9	1	
172	30.05.2019 16:55	435	11	80	49	0	24	35	9	1	
173	30.05.2019 17:55	442	6	67	64	0	24	35	9	1	
174	30.05.2019 18:55	573	10	90	82	0	24	34	9	1	
175	30.05.2019 19:55	606	10	101	81	0	24	34	9	1	
176	30.05.2019 20:55	620	11	93	93	0	24	34	9	1	
177	30.05.2019 21:55	603	5	80	101	0	24	34	9	1	
178	30.05.2019 22:55	550	14	81	84	0	24	34	9	1	
179	30.05.2019 23:55	726	4	90	128	0	24	34	9	1	
180	31.05.2019 00:55	476	9	70	73	0	24	34	9	1	
181	31.05.2019 01:55	550	10	67	98	0	24	34	9	1	
182	31.05.2019 02:55	473	3	63	79	0	24	34	9	1	
183	31.05.2019 03:55	426	3	51	77	0	24	34	9	1	
184	31.05.2019 04:55	336	4	51	50	0	24	34	9	1	
185	31.05.2019 05:55	416	6	63	62	0	24	34	9	1	
186	31.05.2019 06:55	376	5	47	66	0	24	34	9	1	
187	31.05.2019 07:55	386	2	47	69	0	24	34	9	1	
188	31.05.2019 08:55	333	5	52	48	0	24	34	9	1	
189	31.05.2019 09:55	300	5	40	50	0	24	34	9	1	
190	31.05.2019 10:55	240	3	28	44	0	24	34	9	1	
191	31.05.2019 11:55	246	2	38	38	0	23	34	9	1	
192	31.05.2019 12:55	214	7	32	34	0	23	34	9	1	
193	31.05.2019 13:55	259	6	43	37	0	23	34	9	1	
194	31.05.2019 14:55	360	7	58	53	0	23	34	9	1	
195	31.05.2019 15:55	443	4	76	57	0	24	34	9	1	
196	31.05.2019 16:55	496	9	65	84	0	24	34	9	1	
197	31.05.2019 17:55	566	11	86	84	0	24	34	9	1	
198	31.05.2019 18:55	606	4	99	83	0	24	34	9	1	
199	31.05.2019 19:55	673	7	109	93	0	24	34	9	1	
200	31.05.2019 20:55	690	10	111	96	0	24	34	9	1	
201	31.05.2019 21:55	763	10	100	129	0	24	34	9	1	
202	31.05.2019 22:55	663	6	95	104	0	24	34	9	1	
203	31.05.2019 23:55	770	8	117	114	0	24	34	9	1	
204	01.06.2019 00:55	916	9	132	143	0	24	34	9	1	
205	01.06.2019 01:55	970	19	149	142	0	24	34	9	1	
206	01.06.2019 02:55	923	14	133	144	0	24	34	9	1	
207	01.06.2019 03:55	890	9	128	139	0	24	34	9	1	
208	01.06.2019 04:55	926	10	133	145	0	24	34	9	1	
209	01.06.2019 05:55	881	14	128	133	0	24	35	9	1	
210	01.06.2019 06:55	902	9	127	140	0	24	35	9	1	
211	01.06.2019 07:55	881	16	119	142	0	24	35	9	1	
212	01.06.2019 08:55	823	12	119	128	0	24	34	9	1	
213	01.06.2019 09:55	843	15	114	139	0	24	34	9	1	
214	01.06.2019 10:55	882	10	123	135	0	25	34	9	1	
215	01.06.2019 11:55	934	10	130	143	0	25	34	9	1	
216	01.06.2019 12:55	790	11	108	120	0	25	35	9	1	
217	01.06.2019 13:55	842	8	121	122	0	25	35	9	1	
218	01.06.2019 14:55	617	8	77	101	0	25	35	9	1	
219	01.06.2019 15:55	592	5	66	105	0	25	35	9	1	
220	01.06.2019 16:55	457	8	53	79	0	25	35	9	1	
221	01.06.2019 17:55	358	5	37	65	0	26	34	9	1	
222	01.06.2019 18:55	245	0	32	38	0	26	34	9	1	
223	01.06.2019 19:55	186	2	20	33	1	26	34	9	1	
224	01.06.2019 20:55	150	3	23	20	0	26	34	9	1	
225	01.06.2019 21:55	202	3	32	25	0	26	35	9	1	
226	01.06.2019 22:55	241	5	33	35	0	26	35	9	1	
227	01.06.2019 23:55	228	6	34	32	0	25	35	9	1	
228	02.06.2019 00:55	260	6	37	38	0	25	35	9	1	
229	02.06.2019 01:55	402	5	56	60	0	25	35	9	1	
230	02.06.2019 02:55	481	5	78	61	0	25	35	9	1	
231	02.06.2019 03:55	454	7	62	69	0	25	35	9	1	
232	02.06.2019 04:55	544	6	67	90	0	25	35	9	1	
233	02.06.2019 05:55	513	8	80	68	0	25	35	9	1	
234	02.06.2019 06:55	594	8	73	94	0	26	35	9	1	
235	02.06.2019 07:55	562	6	90	68	0	26	35	9	1	
236	02.06.2019 08:55	565	10	75	82	0	26	36	9	1	
237	02.06.2019 09:55	562	5	70	86	0	26	36	9	1	
238	02.06.2019 10:55	415	3	42	72	0	26	37	9	1	
239	02.06.2019 11:55	237	1	27	38	0	26	37	9	1	
240	02.06.2019 12:55	237	2	29	36	1	26	37	9	1	
241	02.06.2019 13:55	200	3	27	28	0	26	37	9	1	
242	02.06.2019 14:55	186	4	22	29	0	26	37	9	1	
243	02.06.2019 15:55	164	1	18	27	0	26	37	9	1	
244	02.06.2019 16:55	164	2	24	21	1	26	37	9	1	
245	02.06.2019 17:55	233	2	39	25	0	26	37	9	1	
246	02.06.2019 18:55	346	1	51	44	0	26	37	9	1	
247	02.06.2019 19:55	437	5	61	59	0	26	37	9	1	
248	02.06.2019 20:55	448	6	57	66	0	26	37	9	1	
249	02.06.2019 21:55	572	12	79	78	0	26	37	9	1	
250	02.06.2019 22:55	689	6	107	82	0	26	37	9	1	
251	02.06.2019 23:55	751	8	115	91	0	26	37	9	1	
252	03.06.2019 00:55	912	22	129	121	0	26	37	9	1	
253	03.06.2019 01:55	825	16	117	115	0	25	37	9	1	
254	03.06.2019 02:55	1038	9	139	153	0	25	37	9	1	
255	03.06.2019 03:55	1010	9	137	147	0	25	37	9	1	
256	03.06.2019 04:55	1166	15	157	171	0	25	37	9	1	
257	03.06.2019 05:55	1017	13	140	146	0	25	37	9	1	
258	03.06.2019 06:55	1072	13	125	173	0	25	38	9	1	
259	03.06.2019 07:55	1076	12	138	161	0	25	38	9	1	
260	03.06.2019 08:55	997	14	127	150	0	25	38	9	1	
261	03.06.2019 09:55	934	16	103	147	0	26	39	9	1	
262	03.06.2019 10:55	842	16	97	137	0	25	38	9	1	
263	03.06.2019 11:55	792	10	113	107	1	25	38	9	1	
264	03.06.2019 12:55	928	16	137	124	0	25	37	9	1	
265	03.06.2019 13:55	1035	10	139	152	0	25	37	9	1	
266	03.06.2019 14:55	864	9	105	132	0	26	37	9	1	
267	03.06.2019 15:55	886	13	120	126	0	26	36	9	1	
268	03.06.2019 16:55	926	10	129	128	0	26	36	9	1	
269	03.06.2019 17:55	857	10	104	134	0	26	36	9	1	
270	03.06.2019 18:55	850	10	128	108	1	26	36	9	1	
271	03.06.2019 19:55	904	15	121	130	0	26	36	9	1	
272	03.06.2019 20:55	946	15	117	149	0	26	35	9	1	
273	03.06.2019 21:55	1071	9	142	167	0	25	35	9	1	
274	03.06.2019 22:55	981	12	155	128	0	25	35	9	1	
275	03.06.2019 23:55	1081	8	161	151	0	25	35	9	1	
276	04.06.2019 00:55	1154	17	168	165	0	25	35	9	1	
277	04.06.2019 01:55	1088	23	159	155	0	25	35	9	1	
278	04.06.2019 02:55	1095	16	145	171	1	25	35	9	1	
279	04.06.2019 03:55	1334	12	194	191	0	25	35	9	1	
280	04.06.2019 04:55	1123	19	154	170	0	25	35	9	1	
281	04.06.2019 05:55	1217	12	170	181	0	25	35	9	1	
282	04.06.2019 06:55	1074	7	155	155	0	25	35	9	1	
283	04.06.2019 07:55	1148	8	160	180	0	24	35	9	1	
284	04.06.2019 08:55	1025	7	116	176	0	25	36	9	1	
285	04.06.2019 09:55	874	12	108	141	0	25	36	9	1	
286	04.06.2019 10:55	895	8	113	142	0	25	36	9	1	
287	04.06.2019 11:55	857	11	120	124	0	25	36	9	1	
288	04.06.2019 12:55	874	9	126	123	0	25	36	9	1	
289	04.06.2019 13:55	909	12	118	141	0	25	36	9	1	
290	04.06.2019 14:55	902	10	124	133	0	25	36	9	1	
291	04.06.2019 15:55	948	10	128	142	0	25	36	9	1	
292	04.06.2019 16:55	976	19	148	130	0	25	36	9	1	
293	04.06.2019 17:55	1022	14	136	159	0	25	35	9	1	
294	04.06.2019 18:55	984	18	131	153	1	25	35	9	1	
295	04.06.2019 19:55	988	9	132	153	0	25	35	9	1	
296	04.06.2019 20:55	866	16	121	129	0	25	35	9	1	
297	04.06.2019 21:55	946	17	136	144	1	24	35	9	1	
298	04.06.2019 22:55	946	7	133	147	0	24	35	9	1	
299	04.06.2019 23:55	935	13	132	145	0	24	35	9	1	
300	05.06.2019 00:55	946	16	140	140	1	24	35	9	1	
301	05.06.2019 01:55	1040	16	145	163	0	24	35	9	1	
302	05.06.2019 02:55	1145	13	164	175	0	24	35	9	1	
303	05.06.2019 03:55	1216	15	167	193	0	24	35	9	1	
304	05.06.2019 04:55	1162	15	164	180	1	24	35	9	1	
305	05.06.2019 05:55	1125	16	162	171	1	24	35	9	1	
306	05.06.2019 06:55	1128	16	162	172	1	24	35	9	1	
307	05.06.2019 07:55	1145	13	152	187	1	24	35	9	1	
308	05.06.2019 08:55	999	21	147	145	0	24	36	9	1	
309	05.06.2019 09:55	1229	14	174	176	0	25	36	9	1	
