zaznam	cas	radon[Bq/m3]	sum1	sum2	sum3	sum4	Teplota[C]	Vlhkost[%]	HV	Algorit.	
1	23.05.2019 13:48	3349	106	1284	394	0	17	49	9	1	
2	23.05.2019 14:48	3644	100	903	923	0	17	49	8	1	
3	23.05.2019 15:48	3600	88	824	980	0	17	49	8	1	
4	23.05.2019 16:48	3193	92	694	906	0	17	49	8	1	
5	23.05.2019 17:48	2960	66	671	812	0	17	49	8	1	
6	23.05.2019 18:48	2726	70	619	747	0	17	49	8	1	
7	23.05.2019 19:48	2453	77	584	645	0	17	49	8	1	
8	23.05.2019 20:48	2359	85	573	609	0	17	49	8	1	
9	23.05.2019 21:48	2303	66	546	608	0	17	49	8	1	
10	23.05.2019 22:48	2113	61	465	594	0	17	49	8	1	
11	23.05.2019 23:48	1928	60	429	537	0	17	49	8	1	
12	24.05.2019 00:48	1695	46	399	474	0	16	49	8	1	
13	24.05.2019 01:48	1567	43	348	459	0	16	49	8	1	
14	24.05.2019 02:48	1429	49	337	399	0	16	49	8	1	
15	24.05.2019 03:48	1264	38	308	343	0	16	49	8	1	
16	24.05.2019 04:48	1038	25	253	282	0	16	49	8	1	
17	24.05.2019 05:48	1099	42	260	306	0	16	49	8	1	
18	24.05.2019 06:48	918	28	218	255	0	16	49	8	1	
19	24.05.2019 07:48	852	16	206	233	0	16	49	8	1	
20	24.05.2019 08:48	759	17	161	230	0	16	49	8	1	
21	24.05.2019 09:48	677	21	155	194	0	16	49	8	1	
22	24.05.2019 10:48	652	20	175	158	0	16	50	8	1	
23	24.05.2019 11:48	636	19	134	191	0	16	50	8	1	
24	24.05.2019 12:48	542	20	134	143	0	16	50	8	1	
25	24.05.2019 13:48	539	13	130	138	0	17	50	8	1	
26	24.05.2019 14:48	489	14	112	131	0	17	50	8	1	
27	24.05.2019 15:48	447	20	105	119	0	17	49	8	1	
28	24.05.2019 16:48	461	13	106	125	0	17	49	8	1	
29	24.05.2019 17:48	363	9	86	96	0	17	49	8	1	
30	24.05.2019 18:48	419	12	116	94	0	17	49	8	1	
31	24.05.2019 19:48	391	15	83	113	0	17	49	8	1	
32	24.05.2019 20:48	395	10	97	101	0	17	49	8	1	
33	24.05.2019 21:48	369	11	90	95	0	17	49	8	1	
34	24.05.2019 22:48	431	7	103	113	0	17	49	8	1	
35	24.05.2019 23:48	395	13	99	99	0	17	49	8	1	
36	25.05.2019 00:48	461	15	137	94	0	17	49	8	1	
37	25.05.2019 01:48	530	14	123	143	1	17	49	8	1	
38	25.05.2019 02:48	493	27	117	130	0	17	49	8	1	
39	25.05.2019 03:48	487	15	122	122	0	17	49	8	1	
40	25.05.2019 04:48	534	26	129	139	0	17	49	8	1	
41	25.05.2019 05:48	504	16	130	123	0	17	49	8	1	
42	25.05.2019 06:48	578	12	127	163	0	17	49	8	1	
43	25.05.2019 07:48	489	26	125	120	0	17	49	8	1	
44	25.05.2019 08:48	582	21	149	143	0	17	49	8	1	
45	25.05.2019 09:48	524	25	119	144	0	17	49	8	1	
46	25.05.2019 10:48	548	10	128	147	0	17	49	8	1	
47	25.05.2019 11:48	481	13	120	121	0	17	49	8	1	
48	25.05.2019 12:48	417	14	94	115	0	17	49	8	1	
49	25.05.2019 13:48	437	13	97	122	0	17	49	8	1	
50	25.05.2019 14:48	324	12	58	100	0	18	49	8	1	
51	25.05.2019 15:48	129	2	12	50	0	19	48	8	1	
52	25.05.2019 16:48	52	2	6	19	0	19	48	8	1	
53	25.05.2019 17:48	32	0	7	9	0	18	49	8	1	
54	25.05.2019 18:48	10	0	3	2	0	18	50	8	1	
55	25.05.2019 19:48	10	1	4	1	0	18	51	8	1	
56	25.05.2019 20:48	8	2	4	0	0	17	52	8	1	
57	25.05.2019 21:48	18	0	6	3	0	17	53	8	1	
58	25.05.2019 22:48	16	2	3	5	0	17	54	8	1	
59	25.05.2019 23:48	46	4	11	11	0	17	55	8	1	
60	26.05.2019 00:48	59	3	18	11	0	16	55	8	1	
61	26.05.2019 01:48	72	0	21	14	0	16	56	8	1	
62	26.05.2019 02:48	82	1	26	14	0	16	56	8	1	
63	26.05.2019 03:48	52	0	12	14	0	15	56	8	1	
64	26.05.2019 04:48	24	0	3	9	0	15	57	8	1	
65	26.05.2019 05:48	36	1	12	6	0	15	57	8	1	
66	26.05.2019 06:48	38	3	10	9	0	15	58	8	1	
67	26.05.2019 07:48	38	3	10	9	0	15	58	8	1	
68	26.05.2019 08:48	67	3	20	12	0	16	59	8	1	
69	26.05.2019 09:48	42	1	6	14	0	16	59	8	1	
70	26.05.2019 10:48	21	0	4	6	0	17	59	8	1	
71	26.05.2019 11:48	6	2	0	3	0	17	59	8	1	
72	26.05.2019 12:48	6	0	3	0	1	17	59	8	1	
73	26.05.2019 13:48	10	3	4	1	0	17	58	8	1	
74	26.05.2019 14:48	4	1	1	1	0	18	58	8	1	
75	26.05.2019 15:48	17	1	8	0	0	18	58	8	1	
76	26.05.2019 16:48	2	0	1	0	0	19	57	8	1	
77	26.05.2019 17:48	13	0	4	2	0	19	57	8	1	
78	26.05.2019 18:48	8	0	3	1	0	19	56	8	1	
79	26.05.2019 19:48	8	0	4	0	0	18	56	8	1	
80	26.05.2019 20:48	8	0	2	2	0	18	57	8	1	
81	26.05.2019 21:48	13	2	5	1	0	18	57	8	1	
82	26.05.2019 22:48	19	1	6	3	0	17	57	8	1	
83	26.05.2019 23:48	6	0	2	1	0	17	58	8	1	
84	27.05.2019 00:48	12	0	5	1	0	17	58	8	1	
85	27.05.2019 01:48	21	1	7	3	0	17	58	8	1	
86	27.05.2019 02:48	32	0	9	6	0	17	59	8	1	
87	27.05.2019 03:48	21	0	4	6	0	16	60	8	1	
88	27.05.2019 04:48	8	0	1	3	0	16	60	8	1	
89	27.05.2019 05:48	31	1	13	2	0	16	60	8	1	
90	27.05.2019 06:48	51	1	14	10	0	16	60	8	1	
91	27.05.2019 07:48	85	1	24	15	0	17	60	8	1	
92	27.05.2019 08:48	81	2	15	22	0	17	60	8	1	
93	27.05.2019 09:48	35	3	3	13	0	17	61	8	1	
94	27.05.2019 10:48	13	0	2	4	0	18	61	8	1	
95	27.05.2019 11:48	4	0	1	1	0	18	60	8	1	
96	27.05.2019 12:48	9	0	4	0	0	19	59	8	1	
97	27.05.2019 13:48	18	0	4	4	0	19	59	8	1	
98	27.05.2019 14:48	11	0	3	2	0	19	59	8	1	
99	27.05.2019 15:48	6	1	3	0	0	19	58	8	1	
100	27.05.2019 16:48	13	0	6	0	0	19	59	8	1	
101	27.05.2019 17:48	9	0	3	1	0	18	61	9	1	
102	27.05.2019 18:48	11	2	4	1	0	18	62	9	1	
103	27.05.2019 19:48	23	0	6	4	0	18	63	8	1	
104	27.05.2019 20:48	11	0	5	0	0	18	64	9	1	
105	27.05.2019 21:48	36	0	12	4	0	17	65	8	1	
106	27.05.2019 22:48	52	1	11	12	0	17	65	8	1	
107	27.05.2019 23:48	61	1	15	12	0	17	65	8	1	
108	28.05.2019 00:48	77	3	16	18	0	17	65	8	1	
109	28.05.2019 01:48	68	2	16	14	0	17	66	8	1	
110	28.05.2019 02:48	100	2	24	20	0	17	66	8	1	
111	28.05.2019 03:48	107	1	26	21	0	17	66	8	1	
112	28.05.2019 04:48	98	1	19	24	0	17	66	8	1	
113	28.05.2019 05:48	128	4	32	24	0	17	66	8	1	
114	28.05.2019 06:48	96	2	18	24	0	17	67	8	1	
115	28.05.2019 07:48	78	5	16	18	0	17	67	8	1	
116	28.05.2019 08:48	105	0	26	21	0	16	67	8	1	
117	28.05.2019 09:48	101	1	22	23	0	16	68	8	1	
118	28.05.2019 10:48	51	1	8	15	0	16	68	8	1	
119	28.05.2019 11:48	40	1	13	5	0	16	68	8	1	
120	28.05.2019 12:48	47	1	12	9	0	16	68	8	1	
121	28.05.2019 13:48	20	1	6	3	0	16	68	9	1	
122	28.05.2019 14:48	13	1	4	2	0	16	69	9	1	
123	28.05.2019 15:48	33	3	8	7	0	15	70	9	1	
124	28.05.2019 16:48	31	1	7	7	0	15	70	8	1	
125	28.05.2019 17:48	26	2	10	2	0	15	71	8	1	
126	28.05.2019 18:48	39	2	11	7	0	14	71	8	1	
127	28.05.2019 19:48	17	0	4	4	0	14	71	8	1	
128	28.05.2019 20:48	8	1	3	1	0	13	71	8	1	
129	28.05.2019 21:48	17	2	7	1	0	13	72	8	1	
130	28.05.2019 22:48	17	0	5	3	0	13	72	8	1	
131	28.05.2019 23:48	16	0	5	3	0	12	73	8	1	
132	29.05.2019 00:48	8	1	3	1	0	12	73	8	1	
133	29.05.2019 01:48	4	0	1	1	0	12	74	8	1	
134	29.05.2019 02:48	12	0	4	2	0	12	74	8	1	
135	29.05.2019 03:48	21	1	8	2	0	13	74	8	1	
136	29.05.2019 04:48	28	0	9	4	0	13	74	8	1	
137	29.05.2019 05:48	36	0	4	13	0	13	74	8	1	
138	29.05.2019 06:48	47	2	12	10	0	13	74	8	1	
139	29.05.2019 07:48	27	1	9	4	0	13	73	8	1	
140	29.05.2019 08:48	34	3	8	8	0	13	73	8	1	
141	29.05.2019 09:48	25	0	8	4	0	13	73	8	1	
142	29.05.2019 10:48	21	0	4	6	0	13	73	8	1	
143	29.05.2019 11:48	20	1	6	4	0	12	73	8	1	
144	29.05.2019 12:48	16	0	7	1	0	12	73	8	1	
145	29.05.2019 13:48	31	0	10	5	0	12	73	8	1	
146	29.05.2019 14:48	39	0	10	9	0	12	73	8	1	
147	29.05.2019 15:48	12	0	1	5	0	12	72	8	1	
148	29.05.2019 16:48	24	2	9	3	0	12	72	8	1	
149	29.05.2019 17:48	26	0	5	8	0	12	71	8	1	
150	29.05.2019 18:48	31	0	8	7	0	13	71	8	1	
151	29.05.2019 19:48	21	0	7	3	0	13	70	8	1	
152	29.05.2019 20:48	26	1	4	9	0	12	70	8	1	
153	29.05.2019 21:48	18	1	5	4	0	12	70	8	1	
154	29.05.2019 22:48	32	1	11	5	0	12	70	8	1	
155	29.05.2019 23:48	28	1	10	4	0	12	69	8	1	
156	30.05.2019 00:48	28	2	9	5	0	12	69	8	1	
157	30.05.2019 01:48	38	3	8	11	0	12	68	8	1	
158	30.05.2019 02:48	32	0	15	1	0	12	68	8	1	
159	30.05.2019 03:48	40	1	11	9	0	12	68	8	1	
160	30.05.2019 04:48	35	1	12	6	0	11	67	8	1	
161	30.05.2019 05:48	21	1	6	5	0	11	67	8	1	
162	30.05.2019 06:48	15	0	7	1	0	11	67	8	1	
163	30.05.2019 07:48	27	1	7	7	0	11	66	8	1	
164	30.05.2019 08:48	11	0	3	3	0	12	66	8	1	
165	30.05.2019 09:48	25	0	9	4	0	12	66	8	1	
166	30.05.2019 10:48	33	1	12	5	0	12	65	8	1	
167	30.05.2019 11:48	28	0	10	4	0	13	64	8	1	
168	30.05.2019 12:48	24	2	4	8	0	13	64	8	1	
169	30.05.2019 13:48	30	0	8	7	0	14	62	8	1	
170	30.05.2019 14:48	8	0	4	0	0	15	61	8	1	
171	30.05.2019 15:48	8	0	4	0	0	15	59	8	1	
172	30.05.2019 16:48	8	0	2	2	0	16	58	8	1	
173	30.05.2019 17:48	2	0	1	0	0	16	57	8	1	
174	30.05.2019 18:48	6	0	2	1	0	15	56	8	1	
175	30.05.2019 19:48	6	0	1	2	1	15	56	8	1	
176	30.05.2019 20:48	7	0	3	1	0	14	56	8	1	
177	30.05.2019 21:48	23	0	11	1	0	14	56	8	1	
178	30.05.2019 22:48	25	2	10	3	0	14	56	8	1	
179	30.05.2019 23:48	41	0	11	10	0	14	56	8	1	
180	31.05.2019 00:48	28	2	6	9	0	13	56	8	1	
181	31.05.2019 01:48	34	2	12	6	0	13	56	8	1	
182	31.05.2019 02:48	24	0	8	5	0	13	56	8	1	
183	31.05.2019 03:48	15	1	4	4	0	13	56	8	1	
184	31.05.2019 04:48	36	0	9	10	0	13	57	8	1	
185	31.05.2019 05:48	31	0	12	5	0	12	57	8	1	
186	31.05.2019 06:48	31	1	8	9	0	12	57	8	1	
187	31.05.2019 07:48	38	1	10	10	0	13	58	8	1	
188	31.05.2019 08:48	36	2	9	10	0	13	58	8	1	
189	31.05.2019 09:48	29	0	10	5	0	14	57	8	1	
190	31.05.2019 10:48	18	0	3	6	0	15	57	8	1	
191	31.05.2019 11:48	14	0	3	4	0	15	56	8	1	
192	31.05.2019 12:48	16	0	5	3	0	16	56	8	1	
193	31.05.2019 13:48	6	0	3	0	0	16	57	8	1	
194	31.05.2019 14:48	8	0	3	1	0	17	57	8	1	
195	31.05.2019 15:48	10	0	4	1	0	17	58	8	1	
196	31.05.2019 16:48	4	0	1	1	0	17	59	8	1	
197	31.05.2019 17:48	4	0	2	0	0	17	59	8	1	
198	31.05.2019 18:48	6	1	3	0	0	17	60	8	1	
199	31.05.2019 19:48	4	0	2	0	0	17	60	8	1	
200	31.05.2019 20:48	8	0	4	0	0	17	61	8	1	
201	31.05.2019 21:48	6	0	1	2	0	17	61	8	1	
202	31.05.2019 22:48	8	0	3	1	0	17	62	8	1	
203	31.05.2019 23:48	23	1	8	3	0	16	62	8	1	
204	01.06.2019 00:48	21	1	6	4	0	16	62	8	1	
205	01.06.2019 01:48	34	1	7	9	0	16	63	8	1	
206	01.06.2019 02:48	37	0	10	7	0	16	63	8	1	
207	01.06.2019 03:48	42	1	16	4	0	15	64	8	1	
208	01.06.2019 04:48	42	0	14	6	0	15	64	8	1	
209	01.06.2019 05:48	53	0	16	9	0	15	65	8	1	
210	01.06.2019 06:48	36	2	6	11	0	15	65	8	1	
211	01.06.2019 07:48	33	1	8	7	0	16	66	8	1	
212	01.06.2019 08:48	22	1	5	5	0	16	66	8	1	
213	01.06.2019 09:48	18	1	6	2	0	17	67	8	1	
214	01.06.2019 10:48	18	1	7	1	0	17	68	8	1	
215	01.06.2019 11:48	18	1	6	2	0	17	68	8	1	
216	01.06.2019 12:48	7	0	2	1	0	18	68	8	1	
217	01.06.2019 13:48	4	0	0	2	0	19	67	9	1	
218	01.06.2019 14:48	7	1	2	1	0	19	66	9	1	
219	01.06.2019 15:48	11	0	4	1	0	19	64	9	1	
220	01.06.2019 16:48	28	0	9	3	0	19	62	9	1	
221	01.06.2019 17:48	16	2	3	4	0	20	61	9	1	
222	01.06.2019 18:48	11	1	5	0	0	20	61	9	1	
223	01.06.2019 19:48	4	1	1	1	0	20	61	9	1	
224	01.06.2019 20:48	18	0	4	4	0	19	61	9	1	
225	01.06.2019 21:48	19	0	6	2	0	20	61	9	1	
226	01.06.2019 22:48	28	0	8	4	0	20	61	9	1	
227	01.06.2019 23:48	43	2	12	6	0	20	62	9	1	
228	02.06.2019 00:48	79	1	16	17	0	20	62	9	1	
229	02.06.2019 01:48	93	0	28	11	0	20	62	9	1	
230	02.06.2019 02:48	134	3	37	19	0	20	62	9	1	
231	02.06.2019 03:48	264	7	57	53	0	20	62	9	1	
232	02.06.2019 04:48	368	9	80	73	0	20	62	9	1	
233	02.06.2019 05:48	327	2	63	73	0	20	62	9	1	
234	02.06.2019 06:48	329	6	74	64	0	20	61	9	1	
235	02.06.2019 07:48	334	4	65	75	0	20	61	9	1	
236	02.06.2019 08:48	315	4	74	57	0	20	62	9	1	
237	02.06.2019 09:48	230	1	30	64	0	21	61	9	1	
238	02.06.2019 10:48	98	2	10	30	0	21	62	9	1	
239	02.06.2019 11:48	61	1	6	19	0	21	61	9	1	
240	02.06.2019 12:48	34	0	6	8	0	21	61	9	1	
241	02.06.2019 13:48	21	0	6	3	0	21	59	9	1	
242	02.06.2019 14:48	24	2	6	4	0	22	58	9	1	
243	02.06.2019 15:48	17	0	4	3	0	22	58	9	1	
244	02.06.2019 16:48	93	1	33	5	0	22	58	9	1	
245	02.06.2019 17:48	214	2	56	32	0	22	57	9	1	
246	02.06.2019 18:48	280	3	63	52	0	22	57	9	1	
247	02.06.2019 19:48	312	7	58	70	0	22	57	9	1	
248	02.06.2019 20:48	290	12	61	58	0	22	57	9	1	
249	02.06.2019 21:48	285	9	52	65	0	22	57	9	1	
250	02.06.2019 22:48	302	8	55	69	0	22	57	9	1	
251	02.06.2019 23:48	442	9	99	87	1	21	57	9	1	
252	03.06.2019 00:48	473	5	114	85	0	21	57	9	1	
253	03.06.2019 01:48	554	11	121	112	0	21	57	9	1	
254	03.06.2019 02:48	547	16	108	122	0	21	57	9	1	
255	03.06.2019 03:48	630	16	122	141	0	21	58	9	1	
256	03.06.2019 04:48	630	18	125	138	0	21	58	9	1	
257	03.06.2019 05:48	683	17	131	154	0	21	58	9	1	
258	03.06.2019 06:48	633	14	134	130	0	21	58	9	1	
259	03.06.2019 07:48	633	16	127	137	0	21	58	9	1	
260	03.06.2019 08:48	697	8	135	156	0	21	58	9	1	
261	03.06.2019 09:48	640	13	130	137	0	21	58	9	1	
262	03.06.2019 10:48	582	9	106	137	0	21	58	9	1	
263	03.06.2019 11:48	506	10	91	120	0	21	58	9	1	
264	03.06.2019 12:48	494	11	99	107	0	21	58	9	1	
265	03.06.2019 13:48	443	4	84	101	1	21	58	9	1	
266	03.06.2019 14:48	332	9	49	86	0	22	58	9	1	
267	03.06.2019 15:48	263	6	40	67	0	22	58	9	1	
268	03.06.2019 16:48	222	3	46	45	0	22	57	9	1	
269	03.06.2019 17:48	207	7	39	46	0	22	57	9	1	
270	03.06.2019 18:48	200	4	35	47	0	22	57	9	1	
271	03.06.2019 19:48	139	2	21	36	0	22	57	9	1	
272	03.06.2019 20:48	144	1	29	30	0	22	57	9	1	
273	03.06.2019 21:48	109	1	19	26	0	22	57	9	1	
274	03.06.2019 22:48	148	4	33	28	0	22	57	9	1	
275	03.06.2019 23:48	234	4	55	41	0	22	57	9	1	
276	04.06.2019 00:48	290	5	64	55	0	22	57	9	1	
277	04.06.2019 01:48	378	8	89	66	0	22	57	9	1	
278	04.06.2019 02:48	455	7	108	80	0	22	56	9	1	
279	04.06.2019 03:48	493	14	100	102	0	22	57	9	1	
280	04.06.2019 04:48	610	12	119	131	0	22	57	9	1	
281	04.06.2019 05:48	515	15	116	95	0	22	57	9	1	
282	04.06.2019 06:48	612	9	119	132	0	22	57	9	1	
283	04.06.2019 07:48	659	12	132	138	0	22	57	9	1	
284	04.06.2019 08:48	673	12	147	129	0	22	57	9	1	
285	04.06.2019 09:48	790	9	165	159	0	22	57	9	1	
286	04.06.2019 10:48	715	11	132	161	0	22	57	9	1	
287	04.06.2019 11:48	612	14	112	139	0	22	57	9	1	
288	04.06.2019 12:48	451	17	77	108	0	22	57	9	1	
289	04.06.2019 13:48	446	4	75	108	0	22	57	9	1	
290	04.06.2019 14:48	378	7	60	95	0	22	57	9	1	
291	04.06.2019 15:48	345	5	64	74	0	23	57	9	1	
292	04.06.2019 16:48	242	8	40	57	0	23	57	9	1	
293	04.06.2019 17:48	232	12	44	49	0	23	57	9	1	
294	04.06.2019 18:48	185	7	37	37	0	23	57	9	1	
295	04.06.2019 19:48	180	7	31	41	0	23	57	9	1	
296	04.06.2019 20:48	156	2	23	40	0	23	56	9	1	
297	04.06.2019 21:48	151	6	23	38	0	23	56	9	1	
298	04.06.2019 22:48	153	4	30	32	0	23	56	9	1	
299	04.06.2019 23:48	153	1	41	21	0	23	56	9	1	
300	05.06.2019 00:48	245	2	56	43	0	23	56	9	1	
301	05.06.2019 01:48	342	8	87	51	0	23	56	9	1	
302	05.06.2019 02:48	419	5	87	82	0	23	56	9	1	
303	05.06.2019 03:48	566	16	108	120	0	23	56	9	1	
304	05.06.2019 04:48	591	11	117	121	0	23	56	9	1	
305	05.06.2019 05:48	615	12	138	116	0	22	56	9	1	
306	05.06.2019 06:48	741	12	135	171	0	22	56	9	1	
307	05.06.2019 07:48	782	19	169	154	0	22	56	9	1	
308	05.06.2019 08:48	712	13	142	152	0	22	56	9	1	
309	05.06.2019 09:48	734	19	146	155	0	22	57	9	1	
