time \ channel	1	2	3	4	5	6	7	8	9	10	11	12	13	14	15	16	17	18	19	20	21	22	23	24	25	26	27	28	29	30	31	32	33	34	35	36	37	38	39	40	41	42	43	44	45	46	47	48	49	50	51	52	53	54	55	56	57	58	59	60	61	62	63	64	65	66	67	68	69	70	71	72	73	74	75	76	77	78	79	80	81	82	83	84	85	86	87	88	89	90	91	92	93	94	95	96
05.06.2019 07:55	0	0	0	0	0	0	0	0	0	0	0	0	0	0	0	1	0	1	0	0	0	1	0	2	2	0	1	0	0	1	1	0	1	2	1	2	1	2	1	1	0	0	0	0	0	0	3	1	1	1	2	2	0	1	1	3	1	4	5	11	60	48	1	1	1	1	0	2	0	1	5	0	3	4	5	11	28	52	15	10	1	3	2	1	1	0	0	0	0	0	0	0	0	0	0	0
05.06.2019 06:55	0	0	0	0	0	0	0	0	0	0	0	1	0	0	0	0	0	0	0	1	0	0	0	1	1	1	0	0	1	0	0	1	0	1	0	0	3	0	1	0	0	0	1	0	0	0	1	2	0	0	2	0	3	1	5	1	4	5	1	6	66	54	0	1	0	0	1	1	2	1	1	1	2	5	8	21	43	71	15	6	7	1	1	0	0	0	0	0	0	0	0	0	0	0	0	0
05.06.2019 05:55	0	0	0	0	0	0	0	0	0	0	0	0	0	0	0	1	1	0	0	0	0	0	0	1	0	0	0	0	2	0	0	0	0	1	0	2	1	1	1	0	0	0	0	4	1	2	1	1	2	0	0	2	4	0	3	3	3	4	11	9	59	50	4	1	3	0	1	1	0	1	1	0	1	4	8	17	45	63	12	8	6	1	0	1	0	1	0	1	0	0	0	0	0	0	0	0
05.06.2019 04:55	0	0	0	0	0	0	0	0	0	0	0	0	1	0	0	2	1	0	1	1	1	1	1	0	1	0	1	0	0	0	2	0	1	1	0	0	0	0	0	0	1	0	0	0	0	0	0	1	1	1	1	0	3	5	3	3	1	5	4	9	57	62	4	1	1	0	0	1	0	1	0	2	1	3	6	26	33	59	16	12	4	3	2	0	1	0	0	0	1	0	0	0	0	0	0	0
05.06.2019 03:55	0	0	0	0	0	0	0	0	0	0	0	1	0	1	0	0	0	0	0	0	1	0	0	0	0	1	1	0	0	2	1	0	2	0	0	0	0	0	0	0	0	1	2	1	1	2	0	1	0	1	1	2	1	4	3	1	2	3	9	7	67	57	2	0	1	1	0	0	0	5	2	1	5	5	6	14	44	57	23	9	2	6	0	0	0	0	0	0	0	0	0	0	0	0	0	0
05.06.2019 02:55	0	0	0	0	0	0	0	0	0	0	0	0	0	0	0	0	1	1	0	0	0	0	1	2	2	2	0	0	0	1	1	0	0	0	0	0	1	0	0	0	0	1	0	1	1	1	1	2	1	0	1	0	1	2	3	1	3	4	8	10	62	66	1	0	0	1	0	1	0	2	4	1	2	3	4	18	54	72	21	4	1	2	3	0	0	0	0	0	0	0	0	0	0	0	0	0
05.06.2019 01:55	0	0	0	0	0	0	0	0	0	0	0	1	0	0	0	0	0	0	0	0	0	0	1	1	3	1	0	0	2	1	1	1	0	0	0	0	0	0	0	0	0	0	0	0	1	0	1	1	1	2	1	0	0	3	2	0	7	1	10	13	71	50	0	0	1	2	2	0	1	3	1	1	0	3	7	12	50	69	14	2	6	0	0	1	0	0	0	0	0	1	0	0	0	0	0	0
05.06.2019 00:55	0	0	0	0	0	0	0	0	0	0	0	0	0	1	0	0	1	1	1	0	0	0	0	0	0	0	0	0	0	0	0	2	1	1	0	0	0	1	0	0	1	3	0	1	2	1	1	0	1	1	0	0	0	1	1	1	3	1	4	14	50	63	2	0	1	0	1	1	3	0	3	1	3	4	3	16	36	60	19	8	2	1	0	0	0	0	0	2	0	0	0	0	0	0	0	0
04.06.2019 23:55	0	0	0	0	0	0	0	0	0	0	1	1	1	0	1	0	1	0	0	0	0	0	0	0	0	0	1	2	0	0	1	0	1	0	1	0	0	0	0	0	2	0	0	2	1	1	0	0	1	1	1	2	1	0	0	2	2	3	8	8	54	52	3	0	1	1	0	2	0	0	3	0	0	7	11	16	29	48	13	5	2	2	1	0	0	0	0	0	0	0	0	0	0	0	0	0
04.06.2019 22:55	0	0	0	0	0	0	0	0	0	0	0	0	2	0	0	0	0	0	0	1	1	0	1	1	1	0	0	0	0	0	0	1	0	1	0	0	1	1	0	1	0	1	0	0	0	1	1	1	0	1	0	1	0	3	2	1	2	5	8	12	53	39	1	1	0	1	0	0	1	1	3	1	1	4	4	14	36	47	16	9	3	4	0	0	0	0	0	0	0	0	0	0	0	0	0	0
04.06.2019 21:55	0	0	0	0	0	0	0	0	0	0	0	0	0	0	0	0	1	0	0	0	1	0	0	1	0	0	0	1	0	1	0	0	1	0	0	0	0	0	0	1	0	0	0	0	0	0	0	0	1	1	2	1	2	2	1	2	1	4	7	7	52	47	2	1	0	0	0	1	3	3	4	1	3	3	6	14	25	60	8	3	6	1	2	1	1	0	1	1	0	0	0	0	0	0	0	0
04.06.2019 20:55	0	0	0	0	0	0	0	0	0	0	1	0	0	1	0	0	0	1	0	1	0	0	1	0	0	0	0	0	1	0	0	0	1	1	0	0	1	2	1	1	0	1	0	3	0	1	0	1	0	3	0	1	0	0	1	1	0	3	11	12	54	44	2	2	0	0	1	1	0	0	1	0	0	3	6	18	38	50	14	6	1	1	4	0	0	0	0	0	0	0	0	0	0	0	0	0
04.06.2019 19:55	0	0	0	0	0	0	0	0	0	0	0	0	2	1	1	0	1	0	0	0	0	0	0	0	0	0	0	1	2	1	1	0	0	2	0	0	1	2	1	0	0	0	0	0	0	0	1	0	1	2	0	0	0	3	0	4	3	5	7	10	45	40	0	0	0	1	0	0	1	2	2	1	0	4	5	10	34	44	16	5	1	2	0	0	0	0	1	0	0	0	0	0	0	0	0	0
04.06.2019 18:55	0	0	0	0	0	0	0	0	0	1	0	0	0	0	1	0	0	0	1	0	0	1	0	1	1	1	0	0	0	0	0	0	1	0	0	0	0	0	0	0	0	1	0	0	0	0	1	1	0	1	1	0	2	2	0	1	2	4	4	10	58	45	0	0	0	0	1	0	0	1	3	1	2	2	6	11	42	47	21	7	2	3	2	0	1	0	1	0	0	0	0	0	0	0	0	0
04.06.2019 17:55	0	0	0	0	0	0	0	0	0	0	0	0	0	2	0	1	1	0	0	0	0	0	1	0	0	1	2	0	0	1	0	0	0	1	2	1	2	0	1	0	0	0	1	0	1	1	0	1	0	2	1	0	5	0	2	1	4	3	7	10	45	47	0	2	0	2	2	0	1	1	1	2	0	3	4	20	43	53	11	2	2	4	0	0	0	0	0	1	0	1	0	0	0	0	0	0
04.06.2019 16:55	0	0	0	0	0	0	0	0	0	0	1	1	0	0	1	1	0	0	0	1	0	0	0	0	1	0	0	1	0	0	0	0	0	1	0	1	1	0	1	0	0	1	0	1	1	1	1	0	2	0	0	0	2	5	2	0	1	7	7	12	49	46	0	1	0	1	1	0	1	5	1	1	1	5	5	12	45	54	10	8	5	3	1	0	0	0	0	0	0	0	0	0	0	0	0	0
04.06.2019 15:55	0	0	0	0	0	0	0	0	0	0	0	0	1	0	1	0	0	0	0	0	0	1	0	0	0	1	0	2	1	3	1	0	1	2	0	1	0	1	0	0	0	2	1	0	0	2	2	0	0	0	0	2	0	0	2	3	3	5	5	17	43	60	4	0	0	3	0	1	1	0	1	2	3	1	7	16	32	40	10	7	1	2	0	1	1	0	0	1	0	0	0	0	0	0	0	0
04.06.2019 14:55	0	0	0	0	0	0	0	0	0	0	0	0	0	1	0	0	1	0	0	0	0	0	0	1	0	1	0	0	0	1	0	0	1	1	0	0	0	1	0	0	1	0	1	0	0	0	0	0	0	1	2	0	1	3	3	4	3	7	3	11	40	49	1	0	0	1	1	2	1	2	2	0	3	1	3	11	29	50	19	6	5	1	0	0	1	0	1	0	2	1	0	0	0	0	0	0
04.06.2019 13:55	0	0	0	0	0	0	0	0	0	0	0	1	0	0	0	0	0	0	0	1	0	0	1	0	0	0	2	0	0	0	1	0	0	1	1	0	0	1	0	0	0	1	0	0	0	0	0	1	2	0	1	1	2	3	2	2	0	4	9	14	42	41	0	0	0	0	1	1	0	3	3	2	0	5	4	13	35	45	9	5	2	2	1	0	1	0	1	0	0	0	0	0	0	0	0	0
04.06.2019 12:55	0	0	0	0	0	0	0	0	0	0	0	0	0	1	1	0	0	1	0	0	1	0	1	1	0	0	0	1	2	0	1	0	0	0	0	0	0	0	0	0	0	0	0	0	2	1	0	2	3	1	2	0	1	1	2	2	1	3	6	7	43	41	1	0	1	1	0	1	1	1	2	3	1	7	7	15	31	50	12	4	0	2	1	0	0	1	0	1	0	0	0	0	0	0	0	0
04.06.2019 11:55	0	0	0	0	0	0	0	0	0	0	0	0	0	1	0	0	0	2	0	0	0	0	0	1	0	0	0	0	1	0	0	0	1	0	0	0	2	0	1	0	0	0	0	0	0	1	0	1	0	0	2	3	0	1	3	2	2	6	5	12	36	48	2	1	1	0	3	0	3	5	4	1	3	0	4	13	34	35	5	4	3	2	2	1	0	0	0	1	0	0	0	0	0	0	0	0
04.06.2019 10:55	0	0	0	0	0	0	0	0	0	0	0	0	2	0	1	1	0	1	0	0	0	0	1	0	0	0	0	2	0	0	0	0	0	1	0	1	0	1	0	0	0	0	0	0	0	0	2	0	0	0	2	0	2	4	3	2	4	4	3	18	36	36	4	0	0	0	2	1	1	0	2	2	3	3	3	16	35	35	11	4	3	1	1	0	0	0	0	1	0	0	0	0	0	0	0	0
04.06.2019 09:55	0	0	0	0	0	0	0	0	0	0	0	0	0	0	0	0	1	0	0	0	0	0	1	0	0	0	1	0	0	1	0	0	0	2	1	0	0	0	0	0	0	1	0	0	0	0	1	1	1	0	0	1	2	0	0	0	2	5	3	9	37	46	3	0	2	0	1	0	1	1	0	2	3	4	6	17	32	47	12	8	6	1	0	0	0	0	1	0	0	0	0	0	0	0	0	0
04.06.2019 08:55	0	0	0	0	0	0	0	0	0	0	0	0	0	1	0	0	0	0	1	0	0	1	2	0	0	1	1	0	0	1	1	0	0	0	0	0	0	0	1	0	1	0	0	0	1	0	0	0	0	0	1	0	2	1	1	3	1	1	5	9	42	39	2	1	0	1	0	0	2	0	2	1	2	7	5	12	34	45	19	5	1	1	0	1	1	0	0	1	0	1	0	0	0	0	0	0
04.06.2019 07:55	0	0	0	0	0	0	0	0	0	0	0	0	0	0	0	0	0	0	0	0	0	0	0	0	1	0	0	0	0	0	0	0	0	1	0	0	1	2	0	0	0	0	1	0	1	0	1	2	0	0	2	1	0	1	1	0	2	2	9	10	45	38	1	0	1	1	0	0	3	2	3	0	1	6	6	12	39	71	15	8	3	4	0	0	1	0	0	1	0	0	0	0	0	0	0	0
04.06.2019 06:55	0	0	0	0	0	0	0	0	0	0	0	0	0	0	0	0	1	0	0	0	0	0	0	1	1	1	1	0	0	0	0	0	0	0	0	0	0	0	0	0	2	0	0	0	1	0	1	1	0	2	1	0	3	1	2	2	3	6	5	10	60	61	2	0	0	0	0	1	2	0	1	2	3	6	7	15	44	78	10	5	3	1	0	0	0	0	1	1	0	0	0	0	0	0	0	0
04.06.2019 05:55	0	0	0	0	0	0	0	0	0	0	0	0	0	0	0	0	1	0	0	0	1	0	0	1	0	0	0	0	2	0	0	1	0	0	0	0	0	1	0	0	0	0	0	0	0	1	0	1	0	1	0	0	4	0	0	4	4	3	11	18	57	47	3	0	1	3	0	1	0	0	1	1	4	6	5	12	35	63	8	7	3	3	1	0	0	0	0	0	1	1	0	0	0	0	0	0
04.06.2019 04:55	0	0	0	0	0	0	0	0	0	0	1	0	0	0	0	0	1	0	0	1	0	0	0	0	1	0	0	0	1	0	0	0	0	1	1	1	1	1	0	1	0	0	0	0	1	2	2	0	0	2	0	2	3	4	0	5	2	2	7	16	67	53	3	0	0	0	0	1	1	0	2	0	5	4	11	15	45	59	15	10	4	3	1	0	0	0	1	0	3	1	0	0	0	0	0	0
04.06.2019 03:55	0	0	0	0	0	0	0	0	0	0	0	0	0	0	0	0	0	0	1	0	0	0	1	0	0	1	2	0	0	1	1	1	0	0	1	0	0	0	1	2	0	0	4	0	3	0	1	1	1	0	2	0	1	2	4	4	3	1	8	12	53	58	2	1	0	0	3	0	0	1	3	2	4	6	12	16	32	58	16	10	3	3	0	0	0	0	0	0	0	1	0	0	0	0	0	0
04.06.2019 02:55	0	0	0	0	0	0	0	0	0	0	1	0	1	1	0	0	0	0	0	1	2	1	0	0	0	0	0	0	0	0	1	0	1	2	0	0	0	1	0	0	0	0	0	0	0	1	2	0	0	4	0	1	4	2	1	3	5	12	5	16	67	68	2	1	0	1	0	2	1	2	3	2	4	3	6	12	49	75	18	7	5	0	0	1	0	0	0	0	0	0	0	0	0	0	0	0
04.06.2019 01:55	0	0	0	0	0	0	0	0	0	0	0	0	1	0	0	1	0	1	0	1	0	1	1	0	0	0	0	0	1	1	1	2	0	1	0	0	0	1	0	1	0	0	0	1	1	0	1	2	0	1	1	0	0	2	4	4	5	1	8	12	62	39	2	1	0	1	1	4	4	1	0	1	5	1	8	18	33	71	14	4	3	0	0	1	0	0	1	0	0	0	0	0	0	0	0	0
04.06.2019 00:55	0	0	0	0	0	0	0	0	0	0	1	1	0	1	0	2	0	2	0	0	3	0	0	1	0	0	2	1	1	0	1	0	2	0	0	2	0	2	0	1	0	0	0	0	0	1	0	1	1	1	3	1	2	0	3	1	4	9	8	13	55	50	3	0	3	2	0	0	3	2	3	2	2	1	3	12	38	51	21	7	3	1	1	3	0	0	0	0	0	0	0	0	0	0	0	0
03.06.2019 23:55	0	0	0	0	0	0	0	0	0	0	0	0	1	1	0	0	0	0	0	1	0	0	0	2	1	1	1	0	1	0	2	0	1	1	1	0	0	1	1	0	0	0	0	1	0	2	0	0	1	1	2	2	1	6	1	1	2	8	6	14	67	51	2	1	0	1	1	0	0	1	1	3	1	7	9	12	39	56	15	6	4	2	3	2	1	0	0	0	0	1	0	0	0	0	0	0
03.06.2019 22:55	0	0	0	0	0	0	0	0	0	0	0	1	0	0	1	0	0	2	0	0	1	0	1	0	0	0	0	1	0	0	0	0	0	0	0	0	0	0	0	0	0	0	1	0	0	2	1	2	1	2	1	1	3	3	5	3	5	2	9	13	48	56	2	1	1	0	0	0	2	3	5	2	3	5	9	8	32	56	7	5	5	4	1	1	0	0	1	2	0	0	0	0	0	0	0	0
03.06.2019 21:55	0	0	0	0	0	0	0	0	0	0	0	0	0	0	0	0	0	0	0	0	0	1	0	0	0	1	0	0	0	0	1	0	0	1	0	0	0	1	1	2	0	0	1	1	2	0	1	0	1	0	1	0	4	2	1	0	4	2	3	12	57	58	5	3	1	0	1	0	1	1	3	0	3	3	6	9	30	45	12	3	5	2	3	0	0	0	0	1	0	0	0	0	0	0	0	0
03.06.2019 20:55	0	0	0	0	0	0	0	0	0	0	0	1	0	1	0	0	1	1	0	0	0	1	0	0	0	0	0	0	0	0	0	1	0	0	0	1	0	0	0	0	0	0	0	1	1	0	0	0	0	1	0	0	1	2	7	2	1	9	3	13	42	56	4	1	0	1	2	0	1	4	1	1	2	3	8	17	22	67	16	10	4	3	2	2	0	0	0	1	0	0	0	0	0	0	0	0
03.06.2019 19:55	0	0	0	0	0	0	0	0	0	0	2	1	0	0	1	0	1	0	0	1	0	1	0	0	0	0	0	1	1	0	0	0	0	1	1	0	0	1	0	1	1	0	0	0	1	1	0	0	0	0	0	1	1	0	4	4	1	4	11	11	37	41	1	0	0	0	1	1	3	1	1	2	3	4	9	14	29	59	14	5	1	0	0	0	0	0	2	0	0	0	0	0	0	0	0	0
03.06.2019 18:55	0	0	0	0	0	0	0	0	0	0	0	0	0	0	1	1	0	0	1	2	1	0	0	1	0	0	1	0	0	1	1	0	0	0	1	1	0	0	0	0	1	1	0	0	1	0	0	0	0	1	2	1	0	0	2	0	2	7	8	11	48	38	0	1	0	1	1	1	1	0	2	0	3	4	3	12	29	49	12	7	1	2	0	1	0	0	1	0	0	0	0	0	0	0	0	0
03.06.2019 17:55	0	0	0	0	0	0	0	0	0	0	1	0	0	0	0	0	0	1	1	0	1	1	0	0	0	1	1	0	0	0	0	0	0	1	1	0	0	0	0	0	0	0	0	1	0	0	2	0	1	0	0	0	0	3	0	3	3	4	4	9	51	46	2	0	0	0	0	0	0	1	1	1	1	1	2	11	27	39	11	6	4	1	1	1	0	0	0	0	0	0	0	0	0	0	0	0
03.06.2019 16:55	0	0	0	0	0	0	0	0	0	0	0	0	0	0	0	0	0	0	1	1	0	1	0	1	0	0	0	1	0	0	0	0	0	0	2	0	1	0	0	1	0	0	0	1	0	0	0	1	1	0	0	0	3	1	2	0	6	5	7	4	42	29	1	0	2	0	0	0	1	1	2	2	0	3	6	14	33	44	13	6	3	4	1	0	0	0	0	1	0	0	0	0	0	0	0	0
03.06.2019 15:55	0	0	0	0	0	0	0	0	0	0	0	0	0	2	0	0	1	0	0	0	1	0	0	2	0	0	1	1	0	1	0	0	0	0	0	0	0	0	0	0	1	0	0	0	0	1	1	1	1	1	0	3	1	1	1	2	0	11	5	10	55	35	0	0	0	0	1	0	0	2	1	0	1	0	4	12	29	42	12	12	2	5	5	0	0	0	0	0	0	0	0	0	0	0	0	0
03.06.2019 14:55	0	0	0	0	0	0	0	0	0	0	0	0	0	1	3	0	0	0	1	0	0	1	0	1	0	0	1	0	1	0	1	0	0	0	0	0	0	1	0	0	0	1	0	1	0	0	1	0	0	0	0	0	0	1	3	0	1	2	6	14	44	45	3	0	0	0	0	1	2	1	0	1	1	0	4	15	31	44	12	7	6	0	1	0	0	0	0	0	0	0	0	0	0	0	0	0
03.06.2019 13:55	0	0	0	0	0	0	0	0	0	0	0	0	1	1	2	0	1	0	0	0	0	0	1	1	0	0	0	0	0	1	0	0	0	0	0	1	0	0	0	0	0	0	0	0	0	0	0	0	0	2	0	0	0	1	4	1	3	5	5	4	46	32	1	1	0	1	1	0	2	1	1	1	1	3	2	9	26	45	19	9	3	4	0	0	1	0	1	1	1	0	0	0	0	0	0	0
03.06.2019 12:55	0	0	0	0	0	0	0	0	0	0	0	1	1	0	0	0	0	0	1	0	0	0	1	0	0	0	0	1	1	0	0	1	0	0	1	0	0	0	1	0	1	0	0	0	0	1	2	0	2	0	3	1	1	2	2	3	3	10	9	5	55	37	1	0	2	0	1	0	0	0	2	1	0	3	4	15	39	58	15	5	4	3	1	0	0	0	0	1	0	0	0	0	0	0	0	0
03.06.2019 11:55	0	0	0	0	0	0	0	0	0	1	0	0	0	1	1	1	0	0	0	1	2	1	0	1	1	1	0	0	1	0	0	0	0	0	0	0	0	0	1	0	2	0	0	0	1	1	0	0	0	0	0	0	1	3	1	2	3	2	5	9	59	49	1	1	0	0	0	0	1	2	2	0	2	3	5	15	26	45	7	6	6	1	1	0	0	0	0	2	0	0	0	0	0	0	0	0
03.06.2019 10:55	0	0	0	0	0	0	0	0	0	0	0	0	0	1	1	0	1	0	0	0	0	0	1	0	0	0	0	1	0	1	1	0	0	0	0	0	0	0	0	0	0	1	1	0	1	0	0	0	0	2	0	0	0	1	1	3	2	2	2	15	39	43	3	0	0	0	0	0	2	3	0	0	0	2	6	13	17	39	15	2	1	4	0	0	0	0	2	0	1	0	0	0	0	0	0	0
03.06.2019 09:55	0	0	0	0	0	0	0	0	0	0	0	1	1	0	0	0	1	1	0	2	0	1	0	1	0	0	0	0	1	0	0	2	0	0	0	0	2	0	2	0	0	0	0	0	1	1	0	1	1	1	1	0	2	0	2	0	2	4	4	6	31	39	1	1	0	0	1	0	1	1	0	1	2	3	9	13	34	40	16	7	5	0	3	0	1	0	0	0	0	0	0	0	0	0	0	0
03.06.2019 08:55	0	0	0	0	0	0	0	0	0	0	0	0	1	0	1	0	0	0	0	0	1	0	1	2	2	1	0	0	0	0	0	0	0	0	1	1	1	2	0	0	1	0	0	1	0	0	1	1	0	0	1	0	0	1	1	3	1	4	6	6	43	33	0	1	1	0	0	1	0	1	3	1	0	2	8	13	29	51	17	8	3	3	3	2	0	0	1	0	1	0	0	0	0	0	0	0
03.06.2019 07:55	0	0	0	0	0	0	0	0	0	0	0	0	0	0	0	0	1	0	0	0	0	0	1	0	0	1	0	2	3	1	0	0	0	0	0	1	1	1	0	1	1	0	0	0	0	0	0	1	0	0	1	0	1	0	1	3	3	5	3	10	43	55	1	0	0	0	1	0	1	0	3	1	4	8	4	13	26	61	14	7	3	2	0	2	0	0	0	0	0	0	0	0	0	0	0	0
03.06.2019 06:55	0	0	0	0	0	0	0	0	0	0	0	0	0	1	0	0	1	0	2	0	0	1	0	0	0	0	0	0	0	0	0	0	1	1	0	1	0	0	0	1	1	1	0	0	1	1	0	0	0	2	0	0	0	4	0	2	2	2	4	12	41	67	0	0	1	0	0	0	2	4	2	0	2	2	7	19	36	59	13	3	3	2	3	0	1	0	0	2	1	0	0	0	0	0	0	0
03.06.2019 05:55	0	0	0	0	0	0	0	0	0	0	1	0	0	0	1	1	1	0	0	1	0	1	1	1	1	1	1	0	0	1	0	0	0	0	0	0	0	0	0	0	0	0	0	1	0	0	1	1	1	0	0	2	4	3	3	2	0	2	4	4	55	42	0	1	0	1	1	0	3	3	0	2	1	3	4	18	38	71	13	8	1	3	0	1	1	0	0	0	1	0	0	0	0	0	0	0
03.06.2019 04:55	0	0	0	0	0	0	0	0	0	0	0	0	0	0	0	1	2	0	2	0	0	0	1	0	0	0	0	0	1	0	0	0	0	0	1	0	2	1	0	0	0	1	0	0	1	0	2	0	0	0	0	0	0	0	2	3	1	7	4	9	59	50	1	2	0	0	0	1	0	3	4	1	2	1	4	12	32	50	14	13	2	5	0	0	0	0	0	0	0	2	0	0	0	0	0	0
03.06.2019 03:55	0	0	0	0	0	0	0	0	0	0	0	0	1	0	0	1	1	1	0	0	1	0	3	1	0	0	0	0	2	0	0	0	0	1	0	1	0	0	0	0	1	0	0	1	0	0	0	0	0	1	1	2	1	2	2	2	2	2	7	7	66	60	1	0	1	0	1	0	1	4	1	2	1	0	5	16	32	70	21	7	4	4	0	0	0	0	0	1	1	0	0	0	0	0	0	0
03.06.2019 02:55	0	0	0	0	0	0	0	0	0	0	0	0	0	0	0	1	0	2	1	0	0	1	0	0	0	0	0	0	0	1	0	0	0	0	0	0	1	0	0	0	0	1	0	0	1	1	0	0	1	0	2	0	1	1	2	3	1	6	7	5	45	60	1	0	1	2	1	2	0	1	2	2	0	1	4	17	25	62	12	7	5	2	0	1	0	0	0	0	0	1	0	0	0	0	0	0
03.06.2019 01:55	0	0	0	0	0	0	0	0	0	0	0	0	0	1	0	0	0	1	0	0	0	0	1	1	0	0	0	1	0	0	1	0	0	0	0	0	0	0	0	1	0	0	1	1	0	0	1	1	1	0	2	1	1	0	2	3	0	3	9	13	52	49	1	0	0	0	0	2	2	1	2	0	2	4	7	10	33	61	13	4	5	3	0	0	2	0	1	1	0	0	0	0	0	0	0	0
03.06.2019 00:55	0	0	0	0	0	0	0	0	0	0	0	0	1	0	1	0	0	0	1	0	0	0	1	2	1	0	2	1	0	0	0	0	0	0	1	0	1	0	0	0	2	1	0	0	1	0	1	0	0	0	0	2	1	1	1	1	2	5	5	12	44	38	2	1	1	0	1	1	2	0	1	1	2	5	4	12	26	38	14	4	2	1	1	0	0	0	0	0	0	0	0	0	0	0	0	0
02.06.2019 23:55	0	0	0	0	0	0	0	0	0	0	1	0	1	0	1	0	1	3	0	2	0	0	0	1	0	0	0	1	0	0	1	1	2	1	0	0	0	1	0	1	1	0	0	2	1	1	1	1	2	0	0	1	0	1	2	3	2	3	8	8	41	49	4	1	1	2	1	0	2	1	0	3	1	2	6	7	29	48	10	4	1	2	1	0	0	0	0	0	1	0	0	0	0	0	0	0
02.06.2019 22:55	0	0	0	0	0	0	0	0	0	0	0	0	0	0	1	0	0	0	0	0	0	1	0	0	0	0	0	0	1	1	1	0	0	1	0	0	1	0	0	0	0	0	1	0	0	0	1	0	0	1	1	0	1	2	0	2	4	3	5	12	40	41	2	0	0	0	0	2	1	2	0	3	0	2	6	7	20	31	8	4	2	2	0	0	0	0	0	0	0	1	0	0	0	0	0	0
02.06.2019 21:55	0	0	0	0	0	0	0	0	0	0	0	1	1	0	0	0	0	0	0	0	1	0	0	0	0	0	0	0	0	0	0	0	0	0	0	0	0	0	0	2	0	1	0	0	0	1	1	0	2	0	1	2	2	3	4	0	1	1	4	8	38	37	2	0	0	0	0	0	0	0	0	0	1	4	1	4	16	34	11	1	7	1	0	1	0	0	0	1	0	0	0	0	0	0	0	0
02.06.2019 20:55	0	0	0	0	0	0	0	0	0	0	0	0	1	0	0	0	0	0	0	0	1	0	1	0	0	0	0	0	0	1	1	0	0	0	0	1	0	0	1	1	1	0	1	0	2	1	0	0	1	0	0	0	0	0	3	1	1	6	5	2	29	27	3	0	0	0	0	0	0	1	1	1	4	3	5	5	18	27	9	1	1	0	0	0	0	0	1	0	0	1	0	0	0	0	0	0
02.06.2019 19:55	0	0	0	0	0	0	0	0	0	0	0	0	0	0	0	0	0	0	0	2	0	0	0	0	0	1	0	0	0	1	0	0	0	0	0	0	0	0	0	1	1	0	0	0	0	1	0	0	2	0	1	0	0	0	2	0	0	1	1	6	27	15	1	0	0	0	0	0	1	1	1	0	0	2	6	8	13	16	7	3	3	3	0	0	0	0	0	1	1	0	0	0	0	0	0	0
02.06.2019 18:55	0	0	0	0	0	0	0	0	0	0	0	0	0	0	0	0	0	0	0	0	0	0	0	0	0	0	0	1	0	0	0	1	0	1	0	0	0	0	1	0	1	0	0	0	0	0	1	0	1	0	0	1	0	0	2	2	4	1	4	4	18	23	0	0	0	0	0	0	0	1	0	0	1	4	1	7	9	20	7	3	3	2	0	0	0	0	0	0	1	0	0	0	0	0	0	0
02.06.2019 17:55	0	0	0	0	0	0	0	0	0	0	0	0	0	0	0	0	0	0	1	0	0	0	0	0	0	0	0	0	0	0	0	0	0	0	0	0	0	0	0	0	0	0	0	0	0	1	0	0	0	1	0	0	0	0	0	2	1	1	5	2	20	17	1	0	0	0	0	0	0	1	0	0	0	0	0	3	12	13	5	6	1	1	0	0	0	0	0	1	0	1	0	0	0	0	0	0
02.06.2019 16:55	0	0	0	0	0	0	0	0	0	0	0	0	0	0	0	0	0	1	0	0	0	0	1	0	0	0	0	0	0	0	0	0	0	0	0	0	0	0	0	0	0	0	0	0	0	0	0	0	0	0	0	0	1	0	2	0	1	2	4	0	16	12	1	0	0	0	0	0	1	0	0	0	0	3	1	1	5	10	2	1	1	0	0	0	0	0	0	0	0	0	0	0	0	0	0	0
02.06.2019 15:55	0	0	0	0	0	0	0	0	0	0	0	0	0	1	0	0	0	0	0	0	0	0	0	0	0	0	0	0	0	0	0	0	0	1	0	0	0	0	0	0	0	0	0	0	0	0	0	0	1	0	0	0	0	0	0	0	0	1	0	2	5	14	0	1	0	0	0	0	0	0	0	0	0	2	1	4	6	3	3	2	0	0	0	0	0	0	0	0	0	0	0	0	0	0	0	0
02.06.2019 14:55	0	0	0	0	0	0	0	0	0	0	0	0	0	0	0	0	0	0	0	0	0	0	0	0	0	0	0	0	0	0	0	0	0	0	0	0	0	0	0	0	0	0	1	0	0	0	0	0	0	1	0	0	0	0	1	0	1	0	0	0	5	8	2	0	0	0	0	1	0	0	1	1	0	1	0	3	7	9	1	1	0	0	0	0	0	0	1	1	0	0	0	0	0	0	0	0
02.06.2019 13:55	0	0	0	0	0	0	0	0	0	0	0	0	0	0	0	0	1	0	1	0	0	0	0	1	0	1	0	0	0	0	0	0	0	0	0	0	0	0	0	0	0	0	0	0	0	1	0	0	0	0	0	0	0	0	0	0	0	1	1	3	6	10	0	0	0	0	0	0	1	0	0	0	0	0	1	3	5	12	2	1	1	1	0	0	0	0	0	1	0	1	0	0	0	0	0	0
02.06.2019 12:55	0	0	0	0	0	0	0	0	0	0	0	0	0	0	0	0	0	0	0	0	0	0	0	0	0	0	0	0	0	0	0	1	0	0	0	0	0	1	0	0	0	0	1	0	0	0	0	0	0	0	0	0	0	0	0	1	0	0	2	4	12	8	0	0	0	0	0	0	0	0	0	1	0	0	1	3	8	12	1	1	0	0	0	0	0	0	0	1	0	0	0	0	0	0	0	0
02.06.2019 11:55	0	0	0	0	0	0	0	0	0	0	0	0	0	0	0	0	0	0	0	1	0	0	0	0	0	0	0	0	1	0	0	0	0	0	0	0	0	0	0	0	0	0	0	0	0	0	0	0	0	0	0	0	0	1	0	0	1	0	2	4	7	14	0	0	0	0	0	0	1	0	0	0	0	1	3	1	9	15	0	2	1	0	0	1	0	0	1	1	0	0	0	0	0	0	0	0
02.06.2019 10:55	0	0	0	0	0	0	0	0	0	0	0	0	0	0	0	0	0	0	0	0	0	0	0	0	0	0	0	0	0	0	0	0	0	0	0	0	0	1	0	0	0	0	0	0	0	0	1	1	0	1	1	0	0	0	0	1	0	1	1	4	9	6	0	0	1	0	0	1	1	1	1	0	0	0	3	3	10	11	2	1	1	2	0	0	0	0	1	0	0	0	0	0	0	0	0	0
02.06.2019 09:55	0	0	0	0	0	0	0	0	0	0	0	0	1	0	0	0	0	0	0	1	0	0	0	0	0	0	0	0	0	1	0	0	0	0	0	0	0	0	0	0	0	0	0	0	0	0	0	1	0	1	0	1	0	0	1	0	0	1	0	5	11	21	0	0	0	0	0	0	1	0	1	1	0	1	3	7	17	30	6	3	0	0	0	0	0	0	2	0	0	0	0	0	0	0	0	0
02.06.2019 08:55	0	0	0	0	0	0	0	0	0	0	0	0	0	0	1	0	0	0	0	0	0	1	0	0	0	0	0	0	0	1	1	0	0	0	0	0	0	0	0	0	0	0	0	0	1	0	0	0	0	1	2	1	1	0	0	2	1	0	7	5	27	23	0	0	0	1	0	0	1	0	0	1	0	4	2	6	23	35	6	2	1	3	1	0	0	0	0	0	0	0	0	0	0	0	0	0
02.06.2019 07:55	0	0	0	0	0	0	0	0	0	0	0	0	2	1	0	0	0	0	0	0	0	0	0	1	0	0	1	0	1	1	0	0	0	1	0	0	0	1	0	0	0	0	0	1	0	1	0	1	0	1	1	0	0	0	1	0	3	1	3	2	28	33	0	0	0	0	0	3	0	0	1	1	0	2	1	7	16	31	10	2	3	2	2	0	0	0	0	1	0	0	0	0	0	0	0	0
02.06.2019 06:55	0	0	0	0	0	0	0	0	0	0	0	0	0	0	0	0	1	0	0	1	1	0	0	0	0	0	0	0	2	0	0	0	0	0	0	1	0	0	0	0	0	0	0	0	0	0	0	1	0	0	1	0	0	0	2	2	2	1	5	6	29	39	0	2	0	0	0	0	0	1	1	0	1	2	3	6	12	25	6	5	3	2	0	0	0	0	0	0	0	1	0	0	0	0	0	0
02.06.2019 05:55	0	0	0	0	0	0	0	0	0	0	0	0	1	1	0	0	0	0	1	0	1	0	0	0	0	0	0	0	1	0	0	1	0	0	0	0	1	0	0	0	0	0	1	0	0	1	0	0	0	1	0	1	1	2	0	1	3	2	4	7	32	18	0	0	0	2	0	0	0	0	0	0	1	1	3	8	30	28	7	6	2	4	0	1	0	0	1	0	0	0	0	0	0	0	0	0
02.06.2019 04:55	0	0	0	0	0	0	0	0	0	0	0	0	0	0	0	0	0	0	0	0	0	1	1	0	1	0	0	0	0	0	0	0	0	1	1	0	2	1	0	0	0	0	0	0	0	0	1	2	2	0	0	0	1	3	1	0	1	1	3	9	30	25	1	0	0	1	1	0	0	2	0	1	0	1	1	7	14	24	2	7	2	1	1	1	0	1	0	1	0	0	0	0	0	0	0	0
02.06.2019 03:55	0	0	0	0	0	0	0	0	0	0	0	0	0	0	0	1	0	0	1	0	0	0	0	0	0	0	0	0	0	0	1	0	0	0	1	0	0	0	0	0	0	0	0	2	0	0	1	1	0	1	0	0	0	1	0	0	1	2	2	4	23	30	1	0	0	0	0	0	0	0	0	0	1	2	2	12	18	40	8	2	3	1	0	1	0	0	0	0	0	0	0	0	0	0	0	0
02.06.2019 02:55	0	0	0	0	0	0	0	0	0	0	0	0	0	1	0	0	0	0	0	0	0	0	1	0	1	0	1	1	0	0	0	0	1	0	0	0	0	0	0	0	0	0	0	1	0	0	0	1	2	0	1	1	2	0	1	2	3	2	2	5	20	20	0	0	0	0	0	0	2	0	0	0	1	2	0	8	18	25	8	0	3	0	1	0	0	0	0	0	1	0	0	0	0	0	0	0
02.06.2019 01:55	0	0	0	0	0	0	0	0	0	0	0	0	0	0	0	0	0	0	0	0	0	0	0	0	0	1	0	0	0	0	0	0	0	2	0	0	0	0	1	0	0	0	0	0	1	0	0	0	0	0	0	1	1	0	0	2	1	0	2	6	27	38	0	0	0	0	0	0	0	1	1	1	1	2	0	4	16	17	13	3	0	0	1	1	0	0	0	0	0	0	0	0	0	0	0	0
02.06.2019 00:55	0	0	0	0	0	0	0	0	0	0	0	0	0	0	0	0	0	0	0	0	0	0	0	0	1	0	0	0	0	0	0	0	1	1	1	0	0	0	1	0	0	0	0	0	0	0	0	0	0	1	0	0	0	0	0	1	1	1	4	4	20	21	1	1	1	0	0	0	0	0	1	0	2	1	2	5	18	21	6	3	0	1	0	0	0	0	0	0	0	0	0	0	0	0	0	0
01.06.2019 23:55	0	0	0	0	0	0	0	0	0	0	0	1	0	0	0	0	0	0	1	0	0	0	0	0	0	0	1	1	0	0	1	1	0	0	0	0	0	0	0	0	0	0	0	0	0	0	0	0	0	2	0	0	0	0	0	0	3	0	0	2	19	11	0	0	0	0	0	1	0	1	0	0	0	2	1	5	10	10	4	3	0	1	0	0	0	0	0	0	0	0	0	0	0	0	0	0
01.06.2019 22:55	0	0	0	0	0	0	0	0	0	0	0	0	0	0	1	0	0	0	0	0	1	0	0	0	0	0	0	0	0	0	0	0	0	0	0	0	1	2	1	0	0	0	0	0	0	0	0	0	0	0	0	0	0	1	0	0	0	1	4	2	8	18	0	0	0	0	0	0	0	2	0	0	0	3	1	1	9	11	3	0	0	1	0	0	0	0	0	0	1	0	0	0	0	0	0	0
01.06.2019 21:55	0	0	0	0	0	0	0	0	0	0	0	0	0	1	1	0	0	0	0	0	1	0	0	0	0	0	0	0	1	0	0	0	0	0	0	0	0	0	0	0	0	0	0	1	0	0	0	0	0	0	0	0	2	0	2	0	0	0	2	2	11	11	3	0	0	0	0	0	0	0	1	0	1	1	1	5	11	11	2	2	0	0	0	0	0	0	0	0	0	0	0	0	0	0	0	0
01.06.2019 20:55	0	0	0	0	0	0	0	0	0	0	0	0	0	0	0	0	0	0	0	0	0	0	0	0	0	1	0	0	1	0	0	0	1	0	0	0	0	0	0	0	0	0	0	0	0	0	0	0	0	0	1	0	1	0	1	0	0	0	3	2	13	11	0	0	0	0	0	0	0	0	0	0	0	0	0	4	6	10	2	1	0	0	1	0	0	0	0	0	1	0	0	0	0	0	0	0
01.06.2019 19:55	0	0	0	0	0	0	0	0	0	0	0	0	0	0	0	0	0	0	0	0	1	0	0	0	0	0	0	0	0	1	0	0	0	0	1	0	0	0	0	0	0	0	0	0	0	0	0	0	0	0	0	0	0	1	1	1	1	0	0	2	3	11	1	1	1	0	0	0	1	0	0	0	1	0	0	1	5	7	5	0	0	0	0	0	0	0	0	0	0	0	0	0	0	0	0	0
01.06.2019 18:55	0	0	0	0	0	0	0	0	0	0	0	0	0	0	0	0	0	0	0	0	0	0	0	0	0	0	0	1	0	0	0	0	0	0	1	0	0	0	0	0	0	0	0	0	0	0	0	1	0	0	0	0	0	1	0	0	1	0	3	1	7	5	0	0	1	1	0	0	2	0	1	0	0	0	1	3	5	14	4	1	0	1	0	0	0	0	0	0	0	0	0	0	0	0	0	0
01.06.2019 17:55	0	0	0	0	0	0	0	0	0	0	0	0	0	0	0	0	0	0	0	0	0	0	0	0	0	0	0	0	0	0	0	0	0	0	0	0	0	0	0	0	0	0	0	0	0	2	0	0	0	1	0	0	0	2	0	0	0	0	3	3	12	8	1	0	0	1	0	0	1	0	0	0	2	0	2	6	12	6	4	2	0	0	0	1	0	0	0	0	1	0	0	0	0	0	0	0
01.06.2019 16:55	0	0	0	0	0	0	0	0	0	0	0	1	0	0	0	0	0	0	1	0	0	0	0	0	1	0	0	0	0	1	0	0	0	0	0	0	0	0	0	0	0	0	0	1	0	0	0	0	1	1	2	0	0	0	2	1	2	3	2	1	11	11	0	0	0	1	0	1	1	0	2	1	2	3	1	5	12	23	4	4	2	0	1	1	0	0	1	0	0	0	0	0	0	0	0	0
01.06.2019 15:55	0	0	0	0	0	0	0	0	0	0	0	0	0	0	1	0	0	0	0	0	1	1	0	0	0	0	0	0	0	0	0	0	0	1	0	1	0	0	0	0	1	1	0	0	1	0	0	0	0	0	0	0	0	0	2	0	2	0	3	3	23	19	0	1	0	0	0	0	0	0	0	2	1	2	1	8	18	29	8	6	1	1	1	1	0	0	0	0	0	0	0	0	0	0	0	0
01.06.2019 14:55	0	0	0	0	0	0	0	0	0	0	0	1	0	1	0	0	0	0	0	0	0	0	0	0	1	0	0	0	0	0	0	0	1	0	0	0	0	0	0	0	0	1	0	0	0	0	0	0	0	0	0	2	1	1	0	3	0	2	6	2	25	20	4	0	0	0	0	0	2	0	2	3	0	3	3	6	24	45	9	4	2	0	0	1	0	0	0	0	1	0	0	0	0	0	0	0
01.06.2019 13:55	0	0	0	0	0	0	0	0	0	0	0	0	0	1	1	0	0	0	0	0	0	1	0	0	0	0	1	0	0	0	0	0	2	0	0	1	0	0	0	0	0	0	0	1	0	0	0	0	0	0	1	0	3	1	2	1	1	2	2	8	28	27	0	0	1	0	1	0	1	1	1	2	4	3	3	16	30	30	4	3	1	1	0	0	0	0	0	0	0	0	0	0	0	0	0	0
01.06.2019 12:55	0	0	0	0	0	0	0	0	0	0	0	2	0	2	0	1	0	0	1	0	0	0	0	0	0	0	0	0	0	0	0	0	0	0	0	0	0	1	1	0	0	0	0	0	0	0	1	0	0	2	0	0	0	1	0	3	2	4	4	11	54	37	2	0	0	1	0	1	2	1	1	0	2	4	1	15	35	41	11	4	1	1	1	0	0	0	0	0	0	0	0	0	0	0	0	0
01.06.2019 11:55	0	0	0	0	0	0	0	0	0	0	0	0	0	1	0	0	0	0	0	0	2	1	0	1	1	0	0	0	1	1	0	0	0	0	0	0	0	0	0	1	0	1	0	0	1	0	0	1	0	1	2	0	1	2	1	0	3	2	10	10	46	28	0	1	0	0	0	0	1	2	2	0	2	4	7	18	28	33	13	7	1	2	0	0	0	0	0	0	0	0	0	0	0	0	0	0
01.06.2019 10:55	0	0	0	0	0	0	0	0	0	0	0	0	0	0	0	1	0	1	0	0	0	0	0	0	0	0	2	0	0	2	0	0	0	0	0	0	0	0	1	0	0	1	0	1	1	0	1	1	0	2	1	1	1	3	3	1	3	4	4	13	46	44	1	1	0	1	2	0	0	1	2	2	2	4	3	20	30	51	11	6	3	4	0	0	1	0	0	0	0	0	0	0	0	0	0	0
01.06.2019 09:55	0	0	0	0	0	0	0	0	0	0	0	1	0	0	0	0	0	0	0	0	0	1	0	0	0	2	1	0	0	0	1	0	0	1	0	0	1	0	0	0	0	1	0	1	0	1	0	0	2	1	0	1	1	0	3	1	4	2	0	6	48	52	0	1	0	0	1	1	0	2	6	1	3	3	4	12	38	50	8	3	3	0	0	0	0	0	0	0	0	0	0	0	0	0	0	0
01.06.2019 08:55	0	0	0	0	0	0	0	0	0	0	0	0	0	0	0	0	0	0	1	1	1	0	1	2	0	0	0	0	1	0	0	0	0	0	0	1	1	1	0	1	1	0	1	1	1	0	1	0	0	0	0	1	1	2	1	2	0	4	3	11	52	34	0	1	1	0	0	1	2	0	3	1	0	3	5	14	32	43	16	10	4	0	0	0	2	0	1	2	0	0	0	0	0	0	0	0
01.06.2019 07:55	0	0	0	0	0	0	0	0	0	0	0	0	0	0	1	0	0	0	0	0	0	2	0	1	0	0	0	0	1	1	1	0	1	0	0	0	0	1	0	2	0	0	1	0	0	1	0	0	1	0	0	0	2	2	1	0	1	1	9	8	48	44	1	0	0	2	0	2	2	1	3	4	1	3	8	14	17	50	15	5	0	0	0	1	0	0	0	0	0	0	0	0	0	0	0	0
01.06.2019 06:55	0	0	0	0	0	0	0	0	0	0	0	0	1	0	0	0	1	1	0	1	0	3	0	1	0	1	1	0	1	0	1	0	0	0	1	0	0	0	0	0	1	0	0	0	2	2	0	1	0	0	0	0	2	3	0	2	3	4	4	14	44	35	3	1	1	0	1	1	1	1	1	2	2	5	3	17	37	55	7	7	1	1	0	0	0	0	0	0	0	0	0	0	0	0	0	0
01.06.2019 05:55	0	0	0	0	0	0	0	0	0	0	0	1	0	0	0	0	0	0	1	0	0	0	0	1	0	1	1	0	0	1	0	0	0	1	0	0	0	0	0	0	0	1	0	1	0	1	0	0	2	1	2	0	1	2	2	1	3	4	6	11	43	47	0	0	1	0	0	0	0	1	1	0	2	7	1	23	28	49	15	4	4	0	2	1	1	0	0	1	0	0	0	0	0	0	0	0
01.06.2019 04:55	0	0	0	0	0	0	0	0	0	0	0	0	0	0	0	0	0	1	1	0	0	0	0	0	1	0	1	1	0	0	1	0	1	0	1	0	0	2	1	0	2	1	0	0	0	0	0	1	1	0	2	1	3	2	1	4	4	4	3	15	42	43	1	1	0	0	0	2	1	1	0	2	1	2	10	10	31	56	6	6	3	1	0	1	0	0	0	0	0	0	0	0	0	0	0	0
01.06.2019 03:55	0	0	0	0	0	0	0	0	0	0	0	1	0	0	0	0	0	0	0	0	0	0	0	0	2	0	0	0	0	0	0	0	0	0	1	0	0	2	0	2	1	0	0	0	1	0	0	0	1	0	1	1	3	0	2	6	2	9	4	11	49	41	1	0	2	1	1	0	1	1	1	0	2	4	8	14	28	61	7	5	4	6	1	0	0	0	0	0	0	0	0	0	0	0	0	0
01.06.2019 02:55	0	0	0	0	0	0	0	0	0	0	0	0	0	0	0	1	0	0	0	0	0	0	1	1	0	0	0	0	1	0	0	1	1	1	1	0	1	0	0	0	0	0	0	0	0	1	0	0	1	0	0	1	2	5	2	1	3	2	6	12	50	40	1	1	0	1	1	1	0	0	3	0	3	2	3	17	35	52	9	4	2	1	2	2	0	0	0	1	0	0	0	0	0	0	0	0
01.06.2019 01:55	0	0	0	0	0	0	0	0	0	0	0	0	0	0	0	1	0	0	0	0	0	1	0	1	1	1	1	0	1	0	0	0	0	2	0	1	0	0	0	2	1	0	0	0	1	0	1	1	0	0	1	1	0	1	4	0	6	2	6	8	56	46	0	0	0	2	0	0	0	1	3	1	2	5	3	10	40	45	13	11	3	1	1	1	1	0	1	0	0	0	0	0	0	0	0	0
01.06.2019 00:55	0	0	0	0	0	0	0	0	0	0	0	0	1	0	1	0	1	0	1	1	0	1	0	1	1	2	0	0	1	0	0	1	0	1	0	0	2	2	0	0	0	1	0	0	1	0	0	0	1	2	0	0	0	2	2	2	1	2	8	10	58	55	2	1	3	2	0	0	2	1	1	0	1	5	6	13	26	49	13	10	3	5	3	1	0	1	0	0	0	0	0	0	0	0	0	0
31.05.2019 23:55	0	0	0	0	0	0	0	0	0	0	0	0	0	0	0	0	1	0	1	0	0	0	0	0	0	0	1	1	0	0	0	0	0	1	1	0	2	0	0	0	0	0	0	1	0	0	1	1	1	1	1	1	1	0	1	3	2	2	4	15	49	48	0	0	1	0	0	0	0	1	1	1	4	2	4	17	35	46	11	12	1	6	2	0	0	0	0	0	0	0	0	0	0	0	0	0
31.05.2019 22:55	0	0	0	0	0	0	0	0	0	0	1	0	1	0	0	1	0	0	0	0	1	0	0	0	0	0	0	0	1	0	0	0	0	0	0	0	0	0	1	1	0	1	0	0	0	0	0	1	1	0	0	0	2	1	0	0	1	2	9	11	48	41	0	0	0	0	1	0	1	0	1	1	1	2	6	7	30	47	10	1	3	2	0	1	0	0	0	0	0	0	0	0	0	0	0	0
31.05.2019 21:55	0	0	0	0	0	0	0	0	0	0	1	0	0	0	1	0	0	0	0	0	0	0	0	2	0	0	0	0	0	0	0	1	0	0	0	0	0	1	0	0	0	0	0	0	0	0	0	0	0	0	1	0	0	0	2	2	1	3	4	6	35	39	1	1	0	0	0	0	0	2	0	1	1	3	4	11	23	37	14	5	1	1	0	1	0	0	0	0	0	0	0	0	0	0	0	0
31.05.2019 20:55	0	0	0	0	0	0	0	0	0	0	0	0	0	0	0	0	0	0	1	0	1	0	0	0	2	0	0	1	0	1	0	0	1	0	0	0	0	0	1	0	1	0	0	1	0	0	0	0	0	1	1	0	0	1	0	0	3	1	2	7	36	48	0	0	0	1	0	1	1	1	0	0	2	3	6	12	35	48	8	6	2	1	1	0	1	0	0	0	0	0	0	0	0	0	0	0
31.05.2019 19:55	0	0	0	0	0	0	0	0	0	0	0	1	0	2	0	0	0	1	0	0	0	1	1	0	0	0	0	0	1	1	0	0	0	0	0	0	0	0	0	1	0	0	0	0	1	0	0	0	1	1	2	0	1	0	1	3	2	3	3	9	43	39	2	1	0	0	0	1	2	1	0	1	0	2	4	8	28	32	6	7	4	0	0	0	0	0	0	0	0	0	0	0	0	0	0	0
31.05.2019 18:55	0	0	0	0	0	0	0	0	0	0	0	0	0	0	0	0	0	0	2	0	0	0	0	0	1	0	0	0	0	0	0	0	0	0	1	0	0	1	0	0	0	1	1	0	0	0	0	0	0	0	1	0	1	1	0	2	2	0	7	8	43	43	1	0	0	0	0	0	0	1	1	0	0	1	2	12	27	36	8	5	0	0	0	0	0	0	0	0	0	0	0	0	0	0	0	0
31.05.2019 17:55	0	0	0	0	0	0	0	0	0	0	0	0	0	0	0	1	0	0	0	0	0	0	0	0	0	0	0	0	0	1	0	0	0	0	0	0	0	0	0	0	0	0	0	1	1	0	0	1	1	0	1	0	0	1	0	1	1	2	7	9	49	23	2	1	0	1	0	0	0	3	2	1	1	2	3	9	18	29	7	4	1	2	0	0	0	0	0	0	0	0	0	0	0	0	0	0
31.05.2019 16:55	0	0	0	0	0	0	0	0	0	0	0	0	0	0	0	0	0	0	0	0	0	1	1	0	0	0	0	0	1	0	0	0	2	0	0	0	1	0	1	2	1	0	0	0	1	1	0	1	1	0	1	0	1	2	1	0	2	2	5	5	32	31	0	1	0	2	0	1	1	0	4	1	0	1	3	3	14	33	9	6	2	2	0	1	0	0	0	0	0	1	0	0	0	0	0	0
31.05.2019 15:55	0	0	0	0	0	0	0	0	0	0	0	0	1	0	0	0	0	0	1	0	0	1	0	1	0	1	0	1	0	0	0	0	0	0	0	0	0	1	0	0	0	0	1	1	0	0	0	0	0	2	0	1	0	0	0	0	1	5	4	3	24	25	0	0	0	0	1	0	0	1	0	0	1	1	3	12	17	35	8	2	1	0	1	1	0	0	0	0	0	0	0	0	0	0	0	0
31.05.2019 14:55	0	0	0	0	0	0	0	0	0	0	1	0	0	0	0	0	0	0	0	0	0	0	0	0	0	0	0	0	0	0	0	0	0	0	1	0	0	0	0	0	0	0	1	1	0	1	0	0	2	0	1	1	1	2	1	0	0	1	6	5	20	35	0	0	0	1	0	0	0	0	1	0	0	1	2	2	13	24	8	1	2	1	0	1	0	0	0	0	0	0	0	0	0	0	0	0
31.05.2019 13:55	0	0	0	0	0	0	0	0	0	0	0	0	1	1	0	1	0	0	0	1	0	0	0	0	0	0	0	0	0	0	0	0	0	0	0	1	0	0	0	0	0	0	0	1	1	0	0	0	0	1	1	0	0	1	1	0	0	2	3	2	29	18	0	0	0	0	1	0	0	0	0	0	1	3	1	4	10	23	3	1	2	3	0	0	0	0	0	1	0	0	0	0	0	0	0	0
31.05.2019 12:55	0	0	0	0	0	0	0	0	0	0	0	0	0	0	1	0	0	0	0	0	1	1	0	0	0	0	1	0	1	0	0	0	0	0	0	0	0	0	0	0	0	1	0	0	0	0	0	0	0	0	1	0	0	1	1	0	0	1	2	3	17	17	0	0	0	0	0	1	0	0	0	0	1	1	4	3	10	11	4	1	0	0	0	1	0	0	0	0	0	0	0	0	0	0	0	0
31.05.2019 11:55	0	0	0	0	0	0	0	0	0	0	0	1	1	0	0	0	0	0	0	0	0	0	0	0	0	1	0	0	0	1	0	1	0	0	0	0	0	0	0	0	0	0	1	0	1	0	0	0	0	0	0	0	0	1	1	1	0	1	2	0	14	11	1	0	0	0	0	0	1	0	0	2	0	0	0	9	10	6	3	0	1	0	0	0	1	0	0	1	0	0	0	0	0	0	0	0
31.05.2019 10:55	0	0	0	0	0	0	0	0	0	0	0	0	0	0	0	0	0	0	0	0	0	0	0	0	0	1	0	0	0	0	0	0	0	0	0	0	0	1	0	0	0	0	0	0	0	0	0	1	0	0	0	0	0	0	1	0	0	0	5	3	20	8	0	0	0	0	0	0	0	0	0	0	0	1	2	5	6	19	2	2	1	0	0	0	0	0	0	0	0	0	0	0	0	0	0	0
31.05.2019 09:55	0	0	0	0	0	0	0	0	0	0	0	0	0	0	0	0	0	0	0	0	0	0	0	0	0	0	0	0	0	0	0	1	0	1	0	0	0	0	1	0	0	0	0	0	0	0	0	0	0	0	1	1	0	0	1	1	1	0	2	0	7	14	0	0	0	0	0	0	0	0	0	1	1	1	1	6	9	13	7	4	0	1	0	0	0	0	0	0	0	0	0	0	0	0	0	0
31.05.2019 08:55	0	0	0	0	0	0	0	0	0	0	0	0	0	0	1	0	2	0	0	0	1	0	0	0	0	0	0	0	0	0	0	0	0	0	0	0	0	0	1	0	0	0	0	0	0	0	0	0	1	1	0	0	0	2	1	0	1	0	1	4	17	11	1	0	0	0	0	0	1	1	0	0	1	1	1	4	13	15	5	6	1	0	1	0	0	0	0	0	0	0	0	0	0	0	0	0
31.05.2019 07:55	0	0	0	0	0	0	0	0	0	0	0	0	0	1	0	0	0	0	1	0	1	0	0	0	0	0	0	0	0	0	0	0	0	0	0	0	0	0	1	0	0	0	0	1	0	0	0	2	0	0	1	0	0	0	1	0	0	0	4	2	20	21	0	1	0	1	1	0	0	0	0	1	0	1	0	4	10	22	6	2	0	0	0	0	0	0	0	0	0	0	0	0	0	0	0	0
31.05.2019 06:55	0	0	0	0	0	0	0	0	0	0	0	0	0	0	0	0	0	0	0	0	0	0	0	0	0	0	0	0	0	0	0	1	0	0	0	0	1	0	0	0	0	0	0	0	0	0	0	1	0	0	0	0	1	0	2	0	0	3	2	6	17	14	1	0	0	0	0	0	0	0	0	4	1	1	6	4	21	15	10	6	1	0	0	0	0	0	0	0	0	0	0	0	0	0	0	0
31.05.2019 05:55	0	0	0	0	0	0	0	0	0	0	0	0	0	0	0	0	1	0	0	0	1	0	1	0	0	0	0	0	0	0	0	0	0	0	0	0	0	1	0	0	0	0	0	1	0	0	0	0	0	1	0	0	0	0	2	3	3	0	2	9	12	15	0	0	0	0	0	1	0	3	0	0	1	1	2	6	15	23	3	9	1	0	0	0	0	0	1	0	0	0	0	0	0	0	0	0
31.05.2019 04:55	0	0	0	0	0	0	0	0	0	0	0	0	0	0	0	0	0	1	1	0	0	0	0	0	1	0	0	0	0	0	0	0	0	0	0	0	0	1	0	0	0	1	0	0	1	0	1	0	0	0	0	0	0	4	3	0	1	3	2	2	24	21	0	0	2	0	0	0	1	1	0	0	0	1	0	7	21	18	5	3	2	1	0	0	1	0	0	1	0	0	0	0	0	0	0	0
31.05.2019 03:55	0	0	0	0	0	0	0	0	0	0	0	0	0	1	0	0	0	0	0	0	0	0	0	0	1	0	0	0	0	0	0	0	0	0	0	0	0	0	0	0	0	1	0	1	0	0	0	0	0	0	0	0	0	0	0	0	0	0	4	5	18	24	0	0	0	0	1	0	0	2	0	0	0	3	1	2	11	20	4	3	0	0	1	2	0	0	0	0	0	0	0	0	0	0	0	0
31.05.2019 02:55	0	0	0	0	0	0	0	0	0	0	1	0	0	0	0	1	0	0	0	0	0	0	0	0	0	0	0	0	1	0	0	0	0	0	0	0	0	0	0	0	0	0	0	0	0	1	0	0	0	1	2	0	1	1	3	0	1	4	0	3	15	19	0	0	0	0	0	0	2	0	0	0	0	1	2	4	20	29	12	4	2	1	0	0	0	0	0	0	0	0	0	0	0	0	0	0
31.05.2019 01:55	0	0	0	0	0	0	0	0	0	0	0	0	0	0	0	0	0	0	1	0	0	1	0	0	1	0	0	0	0	0	0	0	0	0	0	0	0	0	0	0	0	0	0	0	0	1	1	1	0	0	1	0	1	1	0	1	3	0	4	3	27	19	0	0	0	0	0	0	2	0	2	1	2	0	6	6	24	21	9	1	3	0	2	0	0	0	0	0	0	0	0	0	0	0	0	0
31.05.2019 00:55	0	0	0	0	0	0	0	0	0	0	0	1	0	0	0	0	1	0	0	0	1	0	1	0	0	0	1	0	0	0	1	0	0	0	1	0	0	1	1	0	0	0	0	0	1	0	0	0	0	0	3	1	0	1	0	2	2	2	2	3	25	24	1	1	0	0	0	0	4	1	2	0	3	1	4	10	20	38	4	7	2	1	1	0	0	0	0	0	0	0	0	0	0	0	0	0
30.05.2019 23:55	0	0	0	0	0	0	0	0	0	0	0	0	0	0	0	0	1	0	0	0	0	1	0	0	0	0	0	0	1	0	0	1	1	1	0	0	0	0	1	0	0	0	0	0	2	1	0	0	0	0	0	0	1	1	1	1	0	4	4	8	23	25	0	0	1	1	0	0	0	0	0	1	2	1	1	6	15	32	11	2	1	0	0	0	0	0	0	0	0	0	0	0	0	0	0	0
30.05.2019 22:55	0	0	0	0	0	0	0	0	0	0	0	0	1	0	0	0	0	0	0	0	0	0	0	1	0	0	0	0	0	1	0	0	0	0	0	0	0	0	1	0	0	0	0	0	0	0	2	0	0	2	1	1	1	0	1	1	1	2	8	7	32	30	1	0	0	2	0	1	1	1	0	2	4	2	2	20	23	50	7	4	5	1	2	0	0	0	1	0	0	0	0	0	0	0	0	0
30.05.2019 21:55	0	0	0	0	0	0	0	0	0	0	0	1	0	0	0	0	0	0	0	0	1	0	1	1	0	1	0	1	1	0	0	0	0	0	1	0	0	0	0	1	0	2	1	1	1	0	0	3	2	1	0	1	3	1	0	1	0	1	3	5	29	29	0	1	1	0	0	1	1	1	1	1	1	2	1	9	24	29	7	2	3	0	1	0	0	0	0	0	0	0	0	0	0	0	0	0
30.05.2019 20:55	0	0	0	0	0	0	0	0	0	0	0	0	0	0	0	1	1	0	1	0	0	0	0	0	0	0	0	0	0	0	0	0	1	0	0	0	0	0	0	0	0	0	0	0	1	0	0	2	0	0	0	2	2	1	1	2	0	1	7	8	23	30	0	1	0	0	0	0	1	1	5	2	2	4	4	10	15	36	8	7	2	2	0	1	0	1	0	0	0	0	0	0	0	0	0	0
30.05.2019 19:55	0	0	0	0	0	0	0	0	0	0	0	1	0	0	0	0	0	1	0	0	0	0	0	1	1	0	0	0	0	1	1	0	0	1	1	0	0	1	1	0	0	1	0	0	0	0	0	1	0	1	1	2	0	0	1	0	2	3	10	2	32	37	1	0	0	0	1	1	0	1	2	0	2	3	5	8	29	28	5	3	3	0	1	0	1	0	0	0	0	0	0	0	0	0	0	0
30.05.2019 18:55	0	0	0	0	0	0	0	0	0	0	0	0	1	0	0	0	1	0	0	0	1	0	0	0	0	0	0	2	0	1	1	0	0	0	0	0	0	1	0	0	0	1	0	1	0	0	0	0	0	1	1	2	0	0	1	1	4	6	1	6	47	28	3	0	0	0	0	0	0	1	1	1	1	4	5	8	13	26	9	6	3	1	2	0	0	0	0	0	0	0	0	0	0	0	0	0
30.05.2019 17:55	0	0	0	0	0	0	0	0	0	0	0	0	0	0	0	0	0	2	0	0	1	1	0	1	1	0	0	0	0	0	1	0	0	0	0	0	0	1	1	0	0	0	0	0	1	0	0	0	0	0	0	0	0	1	1	0	2	4	4	6	33	34	3	0	2	0	0	1	0	0	1	0	0	3	5	5	18	30	6	5	4	2	1	1	0	0	0	0	0	0	0	0	0	0	0	0
30.05.2019 16:55	0	0	0	0	0	0	0	0	0	0	1	0	1	0	0	0	0	0	0	0	0	0	0	0	0	0	1	0	0	0	0	0	0	0	0	0	0	0	0	1	0	0	0	1	1	0	0	0	0	0	1	0	0	1	2	1	2	2	3	3	23	29	0	0	0	0	0	0	2	0	0	0	0	2	2	7	16	23	5	4	2	1	0	0	0	0	0	0	0	0	0	0	0	0	0	0
30.05.2019 15:55	0	0	0	0	0	0	0	0	0	0	0	1	0	0	0	1	0	1	0	0	0	0	0	0	0	0	1	1	0	0	0	0	0	2	0	2	0	0	0	0	0	0	0	0	2	0	0	1	0	1	0	1	0	0	1	2	1	3	2	13	29	25	0	0	1	0	0	0	0	0	1	0	0	0	2	6	6	22	8	2	1	1	0	0	0	0	0	0	0	0	0	0	0	0	0	0
30.05.2019 14:55	0	0	0	0	0	0	0	0	0	0	0	0	1	0	0	0	0	0	0	0	1	0	0	0	0	0	0	0	0	0	0	0	0	0	0	0	0	0	0	1	1	0	0	0	0	0	0	0	0	0	0	1	1	0	0	2	2	1	5	5	20	17	1	0	0	0	2	0	2	1	1	0	1	0	2	3	6	25	4	3	1	0	0	0	0	0	0	0	0	0	0	0	0	0	0	0
30.05.2019 13:55	0	0	0	0	0	0	0	0	0	0	0	1	0	0	1	0	0	0	0	0	1	0	1	0	0	0	0	0	0	1	0	0	0	0	0	0	0	0	0	0	0	0	0	0	0	0	0	0	0	0	0	1	0	1	0	0	0	0	1	2	26	8	0	0	0	1	0	0	0	2	1	2	0	2	2	9	12	10	1	2	1	0	0	0	0	0	0	0	0	0	0	0	0	0	0	0
30.05.2019 12:55	0	0	0	0	0	0	0	0	0	0	0	0	0	0	0	0	1	0	0	0	1	0	0	0	0	0	0	1	0	0	0	0	0	0	0	0	0	1	0	1	0	0	0	1	0	0	0	0	1	0	0	0	0	0	1	1	2	1	2	4	17	18	0	0	0	2	0	1	0	0	1	2	0	1	1	4	7	16	7	1	0	2	2	0	0	0	0	0	0	0	0	0	0	0	0	0
30.05.2019 11:55	0	0	0	0	0	0	0	0	0	0	0	0	0	0	0	0	0	0	0	0	0	0	0	0	0	0	0	0	0	0	0	0	1	0	0	0	0	0	0	1	0	0	0	0	1	0	0	0	0	0	1	1	0	3	1	0	2	3	1	3	22	15	1	0	0	0	0	0	0	0	2	0	1	2	2	5	15	17	4	3	0	0	0	0	0	0	0	0	0	0	0	0	0	0	0	0
30.05.2019 10:55	0	0	0	0	0	0	0	0	0	0	0	0	0	0	0	0	0	1	0	0	0	0	0	0	0	0	0	0	0	0	0	0	0	0	0	0	0	0	0	0	0	1	0	0	0	0	0	1	0	0	0	0	1	0	0	0	1	1	0	5	9	19	1	0	0	0	0	0	1	0	1	1	0	0	1	9	12	18	2	2	2	0	1	0	0	0	0	0	0	0	0	0	0	0	0	0
30.05.2019 09:55	0	0	0	0	0	0	0	0	0	0	1	0	0	0	0	0	0	0	0	0	0	0	0	0	0	0	0	0	0	0	0	0	0	0	0	0	0	0	0	0	0	0	0	0	0	0	0	1	0	2	1	0	1	0	1	0	1	0	3	4	11	12	0	0	0	0	0	0	0	0	1	0	1	2	3	6	6	15	3	3	0	2	1	0	0	0	0	0	0	0	0	0	0	0	0	0
30.05.2019 08:55	0	0	0	0	0	0	0	0	0	0	0	0	0	0	1	0	0	0	0	0	0	0	0	0	0	1	0	0	0	0	0	0	0	0	0	0	0	0	0	0	0	0	0	0	0	0	0	0	0	0	1	0	1	1	0	1	2	3	5	8	18	11	1	1	0	0	1	1	0	1	0	0	0	1	3	0	11	20	5	3	1	1	0	1	0	0	0	0	0	0	0	0	0	0	0	0
30.05.2019 07:55	0	0	0	0	0	0	0	0	0	0	0	1	1	0	0	0	1	0	0	0	0	0	0	0	0	0	0	0	0	0	0	0	0	0	0	0	0	0	0	0	0	0	0	0	0	0	0	0	0	0	1	1	0	0	1	2	0	2	2	6	14	11	0	1	0	1	1	0	0	3	2	0	1	0	4	6	12	15	6	0	2	0	0	1	0	0	0	0	0	0	0	0	0	0	0	0
30.05.2019 06:55	0	0	0	0	0	0	0	0	0	0	0	0	0	0	0	0	0	0	0	0	0	0	0	0	0	0	0	0	0	0	1	0	0	1	0	0	0	0	0	1	0	0	0	0	0	0	0	0	1	0	0	0	0	1	1	1	0	5	3	1	21	19	0	1	0	0	0	0	1	1	0	0	3	1	3	10	14	12	1	3	0	0	0	0	0	0	0	0	0	0	0	0	0	0	0	0
30.05.2019 05:55	0	0	0	0	0	0	0	0	0	0	0	0	0	1	0	0	0	0	1	0	0	0	0	1	0	1	0	0	0	2	0	0	0	0	0	0	0	0	0	0	1	0	0	0	0	1	0	1	0	0	0	0	1	0	1	0	0	3	1	3	12	15	0	0	0	0	0	0	0	0	0	0	1	0	2	3	7	12	2	2	0	0	0	0	0	0	0	0	0	0	0	0	0	0	0	0
30.05.2019 04:55	0	0	0	0	0	0	0	0	0	0	0	0	0	0	0	0	0	0	0	0	0	0	0	0	0	0	0	0	0	0	0	0	0	0	0	0	0	0	0	0	0	0	0	0	1	0	0	0	0	0	0	0	1	0	1	1	0	0	0	2	22	11	1	1	1	1	1	0	0	0	2	1	1	5	2	2	20	14	5	3	3	1	0	1	0	0	0	0	0	0	0	0	0	0	0	0
30.05.2019 03:55	0	0	0	0	0	0	0	0	0	0	0	0	0	0	0	0	0	0	0	0	0	0	0	1	0	0	0	0	0	0	0	0	0	0	0	1	1	0	0	0	0	0	0	0	0	0	0	0	0	0	0	0	0	0	0	0	0	1	2	4	17	12	0	0	0	0	0	0	0	0	0	0	0	3	2	3	23	21	3	2	1	0	0	0	0	0	0	0	0	0	0	0	0	0	0	0
30.05.2019 02:55	0	0	0	0	0	0	0	0	0	0	0	0	0	0	0	0	0	0	1	0	0	0	0	1	0	0	0	0	0	0	0	0	1	0	0	0	0	0	0	0	0	0	0	0	1	0	0	0	0	0	2	0	0	0	1	3	0	0	2	1	18	18	1	0	0	1	0	1	0	0	1	0	0	0	4	8	22	18	4	2	3	0	0	1	0	0	0	0	0	0	0	0	0	0	0	0
30.05.2019 01:55	0	0	0	0	0	0	0	0	0	0	1	0	0	0	1	1	0	0	0	0	0	0	0	0	0	0	0	1	0	0	0	0	0	0	0	0	0	1	0	0	0	0	0	0	0	1	0	0	1	0	0	0	0	1	0	0	0	1	4	4	18	16	2	0	0	0	0	1	1	0	0	1	2	0	1	7	10	21	4	2	2	1	0	0	0	0	0	0	0	0	0	0	0	0	0	0
30.05.2019 00:55	0	0	0	0	0	0	0	0	0	0	0	0	0	0	0	0	1	0	0	0	1	0	0	1	0	0	0	0	0	0	0	0	0	0	0	0	0	0	0	0	0	0	1	1	0	1	0	0	2	0	0	0	1	1	0	1	0	0	2	3	15	12	0	1	0	2	1	0	0	0	2	0	0	1	1	6	7	15	3	2	0	0	0	0	0	0	0	1	0	0	0	0	0	0	0	0
29.05.2019 23:55	0	0	0	0	0	0	0	0	0	0	0	0	0	0	0	0	0	0	1	0	0	1	0	0	0	0	0	0	1	0	0	0	0	1	0	0	0	0	0	0	0	0	0	1	0	0	0	0	1	0	1	0	0	0	3	1	0	2	2	3	11	17	0	0	0	1	0	0	1	1	0	1	1	0	0	3	13	11	1	7	1	1	0	0	1	0	0	0	1	0	0	0	0	0	0	0
29.05.2019 22:55	0	0	0	0	0	0	0	0	0	0	0	0	0	0	0	0	0	0	0	0	2	1	0	0	0	0	0	0	0	0	0	0	0	0	0	0	1	0	0	0	1	0	1	0	0	0	0	0	1	0	0	1	0	0	1	0	1	1	3	3	16	14	0	0	0	0	0	0	0	0	0	0	2	2	2	2	7	15	4	2	1	3	0	0	0	0	0	0	0	0	0	0	0	0	0	0
29.05.2019 21:55	0	0	0	0	0	0	0	0	0	0	0	0	0	1	0	0	0	0	1	1	0	0	0	0	0	0	0	0	0	0	0	0	0	0	0	1	0	0	0	0	0	0	0	0	1	0	0	0	1	1	2	0	0	1	2	0	0	1	2	2	15	10	0	0	0	1	0	0	1	0	0	0	0	1	1	2	7	15	1	2	1	0	1	0	0	0	0	0	0	0	0	0	0	0	0	0
29.05.2019 20:55	0	0	0	0	0	0	0	0	0	0	0	0	0	0	0	0	0	0	0	1	0	0	0	0	0	0	1	0	0	0	0	0	0	0	0	0	0	0	0	1	0	0	0	0	0	0	0	2	0	0	0	1	0	0	0	1	1	0	3	3	13	9	0	0	0	1	0	0	0	0	0	1	1	1	0	6	7	12	5	2	0	0	0	0	0	0	0	0	0	0	0	0	0	0	0	0
29.05.2019 19:55	0	0	0	0	0	0	0	0	0	0	0	0	0	0	0	0	0	0	0	0	0	0	0	0	1	0	0	0	0	0	0	0	0	0	0	0	0	3	0	0	0	0	0	0	0	0	0	0	0	0	1	0	0	0	0	0	1	1	1	2	13	15	0	0	0	0	0	0	2	0	1	0	2	2	2	2	11	14	2	0	1	0	0	0	0	0	0	0	0	0	0	0	0	0	0	0
29.05.2019 18:55	0	0	0	0	0	0	0	0	0	0	0	0	0	0	0	0	0	0	0	0	0	0	0	0	1	0	0	0	0	0	0	0	1	1	0	0	0	0	0	0	1	0	0	0	0	0	0	0	0	0	0	0	0	0	0	0	0	2	4	4	16	9	0	0	0	0	1	1	0	0	1	0	0	2	0	2	8	11	3	5	1	2	0	0	0	0	0	0	0	0	0	0	0	0	0	0
29.05.2019 17:55	0	0	0	0	0	0	0	0	0	0	0	1	0	0	0	0	0	0	0	0	0	0	1	0	0	0	0	1	0	1	0	0	0	0	0	0	0	0	0	0	0	1	0	0	0	0	0	0	0	0	0	0	1	0	0	0	1	2	0	4	11	9	0	0	0	0	0	1	0	0	1	0	1	1	2	3	15	21	3	0	1	0	1	2	0	0	0	0	0	0	0	0	0	0	0	0
29.05.2019 16:55	0	0	0	0	0	0	0	0	0	0	0	0	0	0	0	0	0	0	0	0	0	0	0	0	0	0	0	0	1	0	0	0	0	0	0	0	0	0	0	0	0	0	0	0	0	1	0	1	0	0	1	0	0	2	2	0	1	1	1	4	17	15	0	0	0	1	0	0	0	0	0	0	0	2	1	3	6	16	1	5	0	0	0	0	0	0	0	0	0	0	0	0	0	0	0	0
29.05.2019 15:55	0	0	0	0	0	0	0	0	0	0	0	0	0	0	0	0	0	0	0	0	0	0	0	0	0	0	0	0	0	0	0	0	0	0	0	0	0	0	0	0	0	0	0	0	0	1	0	1	0	0	0	0	0	0	0	0	1	2	1	2	19	11	0	1	0	0	0	0	0	0	1	0	0	3	1	5	6	9	3	1	2	0	0	0	0	0	0	0	0	0	0	0	0	0	0	0
29.05.2019 14:55	0	0	0	0	0	0	0	0	0	0	0	0	0	2	1	0	0	0	0	0	0	0	0	0	0	0	0	0	0	0	1	0	0	0	0	0	0	0	0	0	1	0	1	0	0	0	1	1	0	0	0	1	0	0	0	0	3	0	1	4	15	15	1	0	0	0	0	0	0	0	0	0	1	0	2	2	13	16	6	0	0	1	0	0	0	0	0	0	0	0	0	0	0	0	0	0
29.05.2019 13:55	0	0	0	0	0	0	0	0	0	0	0	0	0	0	0	0	0	0	0	0	0	0	0	0	0	0	0	0	0	0	0	0	0	0	0	0	0	0	0	0	0	0	0	0	0	0	1	0	0	1	0	0	0	0	0	0	2	3	0	3	9	12	0	0	0	0	0	0	0	0	0	0	0	0	1	5	4	10	2	3	0	0	1	0	0	0	0	0	0	0	0	0	0	0	0	0
29.05.2019 12:55	0	0	0	0	0	0	0	0	0	0	0	0	0	0	0	0	0	0	0	0	0	0	0	2	0	0	0	1	0	1	0	0	0	0	1	0	0	0	0	0	0	0	0	0	0	0	0	0	0	0	0	0	0	1	1	0	1	1	2	3	12	10	1	0	1	0	0	0	0	0	0	0	0	0	4	1	7	8	1	1	0	1	0	1	0	0	0	0	0	0	0	0	0	0	0	0
29.05.2019 11:55	0	0	0	0	0	0	0	0	0	0	0	0	0	0	0	0	0	0	0	0	0	0	0	0	0	0	0	0	0	1	0	0	0	0	0	0	0	0	0	0	1	0	0	0	0	0	0	0	0	0	1	0	0	2	1	1	0	0	2	2	10	8	0	0	0	0	0	1	0	0	0	1	0	0	0	4	14	10	5	3	0	0	0	0	0	0	0	0	0	0	0	0	0	0	0	0
29.05.2019 10:55	0	0	0	0	0	0	0	0	0	0	0	0	0	0	0	0	0	0	0	0	0	0	0	0	0	0	0	1	0	0	0	0	0	0	0	0	1	0	0	0	1	0	0	0	0	0	0	0	0	2	0	0	0	0	0	1	1	0	1	4	10	4	0	0	0	0	0	0	1	0	0	0	2	2	0	2	7	6	2	1	0	0	2	0	0	0	0	0	0	0	0	0	0	0	0	0
29.05.2019 09:55	0	0	0	0	0	0	0	0	0	0	0	0	0	0	0	0	0	0	0	0	0	0	0	1	0	0	1	0	0	0	0	0	0	0	1	1	0	1	0	0	0	0	0	0	0	0	0	1	0	0	0	0	1	0	0	0	0	1	1	1	8	9	1	1	0	0	0	0	0	0	0	0	1	0	0	3	7	9	3	2	1	0	0	0	0	0	0	0	0	0	0	0	0	0	0	0
29.05.2019 08:55	0	0	0	0	0	0	0	0	0	0	0	0	0	0	0	0	0	0	0	0	0	0	0	0	0	0	0	1	0	0	0	0	0	0	0	0	0	0	0	0	0	0	0	0	0	0	0	0	0	0	0	0	0	0	0	0	0	0	1	1	3	3	0	0	1	0	0	0	0	0	1	0	2	1	2	6	13	16	1	0	1	2	0	0	0	0	0	1	0	0	0	0	0	0	0	0
29.05.2019 07:55	0	0	0	0	0	0	0	0	0	0	0	0	0	0	0	0	0	1	1	0	0	0	0	0	0	0	0	0	0	0	0	0	0	0	0	0	0	0	0	0	0	0	0	0	0	0	0	0	0	0	0	0	1	2	0	0	1	1	0	1	9	14	0	0	0	0	0	1	1	0	0	0	0	1	8	5	17	9	6	3	0	1	0	0	0	1	0	0	0	0	0	0	0	0	0	0
29.05.2019 06:55	0	0	0	0	0	0	0	0	0	0	0	0	0	0	0	1	0	0	0	0	0	0	0	0	0	0	0	0	0	0	0	0	0	0	0	0	0	0	0	0	0	0	0	0	0	0	0	0	1	0	0	0	0	1	1	1	3	1	2	5	17	15	0	1	0	0	0	1	1	0	4	0	1	0	1	5	18	24	7	1	0	1	0	0	0	0	0	0	0	0	0	0	0	0	0	0
29.05.2019 05:55	0	0	0	0	0	0	0	0	0	0	0	0	0	0	0	0	1	1	1	0	0	0	0	0	0	0	0	0	0	0	0	0	0	0	0	0	0	1	0	1	1	0	0	0	0	0	0	1	0	0	2	1	0	1	1	0	0	0	3	5	30	19	2	0	0	1	0	0	0	0	1	0	0	2	1	10	16	24	1	1	1	1	1	0	0	0	0	0	0	0	0	0	0	0	0	0
29.05.2019 04:55	0	0	0	0	0	0	0	0	0	0	0	0	0	0	0	0	0	0	0	0	0	1	0	0	0	1	0	0	0	0	2	0	0	0	0	0	2	0	0	0	0	0	0	1	0	0	0	1	1	0	1	0	0	0	1	1	0	2	4	1	19	14	1	0	1	1	1	1	0	0	1	0	0	4	0	13	17	19	5	3	0	1	0	0	0	0	0	0	0	0	0	0	0	0	0	0
29.05.2019 03:55	0	0	0	0	0	0	0	0	0	0	0	0	0	0	0	0	0	1	0	0	0	0	0	1	0	0	0	0	0	0	0	0	0	0	0	0	0	0	0	0	0	0	1	0	0	1	0	0	0	0	0	0	1	0	3	2	0	2	4	8	21	23	0	0	0	0	0	1	0	1	1	0	0	0	1	5	18	29	2	3	0	1	0	0	0	0	0	0	0	0	0	0	0	0	0	0
29.05.2019 02:55	0	0	0	0	0	0	0	0	0	0	0	1	0	0	0	0	0	0	0	0	0	0	0	0	0	0	0	0	0	0	0	0	1	0	0	0	0	1	0	0	0	0	0	0	0	1	0	0	0	2	1	1	0	3	1	3	1	3	1	6	25	20	2	0	0	0	0	0	2	0	1	0	2	4	3	7	17	16	4	7	2	2	0	1	0	0	0	0	1	0	0	0	0	0	0	0
29.05.2019 01:55	0	0	0	0	0	0	0	0	0	1	0	1	0	0	0	0	0	1	0	1	0	0	0	0	0	0	0	0	0	2	0	0	1	0	0	0	0	0	0	0	1	0	1	0	0	0	1	0	1	0	0	2	0	1	1	1	1	4	2	5	29	22	0	1	1	0	0	0	0	1	2	1	0	3	2	11	19	23	5	3	1	1	0	1	0	0	0	0	0	0	0	0	0	0	0	0
29.05.2019 00:55	0	0	0	0	0	0	0	0	0	0	1	0	0	0	0	0	0	0	0	0	1	1	0	1	0	0	0	0	0	0	0	0	0	1	0	0	0	0	0	0	0	0	0	1	0	0	1	0	0	1	0	0	1	1	0	0	2	0	4	3	27	26	1	0	0	0	0	0	0	1	3	1	0	0	2	11	17	24	9	6	0	0	0	1	0	0	0	0	0	0	0	0	0	0	0	0
28.05.2019 23:55	0	0	0	0	0	0	0	0	0	0	0	0	0	0	0	0	0	0	0	0	0	0	0	0	0	0	0	0	0	1	0	0	0	0	0	0	0	0	0	0	0	0	0	1	0	1	0	2	1	1	0	0	0	3	3	3	1	1	2	8	19	12	0	0	0	1	0	0	0	0	2	0	1	4	2	13	14	21	7	2	2	1	0	0	0	0	0	0	0	0	0	0	0	0	0	0
28.05.2019 22:55	0	0	0	0	0	0	0	0	0	0	0	0	3	2	0	0	0	0	0	1	0	0	1	1	0	0	0	0	0	0	0	0	0	0	0	0	0	0	0	0	0	0	0	0	1	0	1	0	0	2	0	1	1	1	0	0	2	2	2	3	26	24	1	0	0	0	0	2	0	1	1	2	0	1	2	13	20	29	6	4	1	2	0	2	0	0	1	0	0	0	0	0	0	0	0	0
28.05.2019 21:55	0	0	0	0	0	0	0	0	0	0	0	0	0	0	0	0	0	0	0	0	1	0	0	0	1	0	1	0	0	0	0	0	0	0	1	0	0	0	1	0	0	0	0	1	0	1	0	0	1	0	2	1	2	1	0	1	1	3	1	10	36	18	1	0	0	1	0	0	1	1	1	0	1	0	5	14	14	18	4	1	1	0	0	0	0	0	0	0	0	0	0	0	0	0	0	0
28.05.2019 20:55	0	0	0	0	0	0	0	0	0	0	0	0	0	0	0	0	0	0	0	0	0	0	0	0	0	0	0	0	0	0	0	0	0	0	0	0	0	0	0	2	0	0	0	0	1	0	0	0	0	0	0	0	1	0	0	2	1	3	2	3	24	29	0	1	1	0	0	0	1	4	1	1	0	0	3	6	23	20	6	1	0	2	1	0	0	0	0	0	0	0	0	0	0	0	0	0
28.05.2019 19:55	0	0	0	0	0	0	0	0	0	0	0	0	0	0	0	0	1	1	1	0	0	0	0	0	0	0	0	0	0	0	0	0	1	0	0	0	0	0	0	0	0	0	0	0	2	0	0	0	0	0	0	0	1	1	0	3	1	2	2	8	30	14	1	2	0	0	1	1	0	0	1	1	1	1	2	4	22	30	5	5	3	0	0	1	0	0	0	0	0	0	0	0	0	0	0	0
28.05.2019 18:55	0	0	0	0	0	0	0	0	0	0	0	0	0	1	0	0	0	0	0	0	0	0	0	0	0	0	0	0	1	1	0	0	1	1	0	0	0	1	1	0	0	0	0	1	1	1	0	0	2	2	0	0	0	3	2	1	1	1	4	12	23	14	2	0	0	1	0	0	1	0	0	0	2	2	5	14	23	26	6	5	1	3	3	0	1	0	0	0	0	0	0	0	0	0	0	0
28.05.2019 17:55	0	0	0	0	0	0	0	0	0	0	0	0	1	0	0	0	0	0	1	1	0	0	0	1	0	0	0	1	0	0	0	0	0	1	1	0	0	0	0	0	1	2	1	0	0	0	0	0	1	0	3	0	1	2	0	2	0	0	4	3	42	26	0	2	0	1	0	0	4	1	3	1	0	1	0	8	23	18	8	5	2	2	1	0	1	0	0	0	0	0	0	0	0	0	0	0
28.05.2019 16:55	0	0	0	0	0	0	0	0	0	1	1	0	0	1	0	0	0	1	0	0	0	0	0	0	0	0	1	0	0	0	1	0	0	0	0	0	0	0	0	0	0	0	1	0	0	0	1	0	0	2	0	0	0	0	1	0	1	2	3	12	27	21	1	0	0	0	0	2	0	0	1	1	2	3	2	7	19	28	7	4	3	2	0	3	0	0	0	0	0	0	0	0	0	0	0	0
28.05.2019 15:55	0	0	0	0	0	0	0	0	0	0	0	0	2	1	0	0	0	0	0	1	0	2	0	0	0	0	0	0	0	1	0	1	0	1	0	1	0	0	1	0	0	0	1	0	1	1	1	0	0	1	0	1	0	0	1	2	1	6	3	5	41	22	2	0	0	0	0	3	0	0	0	1	1	2	3	10	23	19	10	1	3	0	0	0	0	1	0	0	0	0	0	0	0	0	0	0
28.05.2019 14:55	0	0	0	0	0	0	0	0	0	0	1	0	0	0	0	0	0	1	0	0	0	0	0	1	0	0	0	0	0	0	0	0	0	0	0	0	0	1	0	0	0	1	0	0	1	0	0	1	0	0	1	0	1	1	1	3	4	6	2	2	36	29	1	0	0	0	0	0	1	2	0	0	3	3	3	14	39	26	7	3	1	1	0	0	0	0	0	0	0	0	0	0	0	0	0	0
28.05.2019 13:55	0	0	0	0	0	0	0	0	0	0	0	0	1	1	0	0	0	0	2	0	0	0	0	0	0	0	0	1	0	0	2	0	0	0	0	0	0	0	1	0	0	0	0	1	0	0	0	0	2	0	0	1	2	0	1	0	0	1	3	8	35	17	0	1	0	0	0	0	3	0	2	1	1	1	3	12	16	20	10	1	2	2	1	0	0	0	0	0	0	0	0	0	0	0	0	0
28.05.2019 12:55	0	0	0	0	0	0	0	0	0	0	0	0	0	1	1	0	0	0	1	0	0	1	0	0	1	0	0	0	0	1	1	0	0	1	0	0	0	2	0	0	1	1	1	0	0	0	0	0	0	0	0	1	0	1	0	0	2	4	1	0	37	22	0	0	0	1	0	1	1	1	2	0	0	1	5	8	22	31	5	0	2	0	0	2	0	0	0	0	0	0	0	0	0	0	0	0
28.05.2019 11:55	0	0	0	0	0	0	0	0	0	0	1	0	0	0	0	0	0	0	0	0	1	1	0	0	0	0	0	0	0	0	1	0	1	1	0	0	0	0	0	0	0	1	0	0	0	0	1	0	0	0	1	1	2	3	1	2	3	2	2	5	31	9	0	0	0	1	0	0	0	3	2	2	1	2	2	12	22	19	3	4	0	1	1	0	1	0	0	0	0	0	0	0	0	0	0	0
28.05.2019 10:55	0	0	0	0	0	0	0	0	0	0	0	0	0	0	0	0	0	0	0	0	1	1	0	0	1	0	0	1	0	0	0	1	0	0	0	0	0	0	0	0	0	0	2	1	0	1	0	0	0	1	0	0	0	2	2	1	0	1	4	3	33	18	1	0	0	0	0	0	2	0	2	0	1	4	0	7	18	32	12	4	0	1	0	0	0	0	0	0	0	0	0	0	0	0	0	0
28.05.2019 09:55	0	0	0	0	0	0	0	0	0	0	0	0	1	0	0	1	2	0	0	1	0	0	0	0	0	0	0	0	0	1	0	0	0	0	0	1	0	0	0	0	2	0	0	1	0	1	0	0	1	1	1	0	0	0	4	1	1	1	3	4	26	15	0	1	0	0	1	1	0	0	1	2	2	4	5	14	34	40	12	5	0	1	1	1	0	0	0	0	0	0	0	0	0	0	0	0
28.05.2019 08:55	0	0	0	0	0	0	0	0	0	0	0	0	0	0	0	0	2	1	0	0	0	0	1	1	0	0	0	0	0	0	1	0	0	0	0	0	0	2	0	0	0	1	0	0	0	2	2	0	3	1	0	1	1	1	2	2	5	2	4	7	43	29	1	0	0	0	0	1	0	1	2	2	3	2	8	8	35	42	14	5	7	2	1	0	0	1	0	0	0	0	0	0	0	0	0	0
28.05.2019 07:55	0	0	0	0	0	0	0	0	0	0	1	1	0	0	0	1	0	0	0	1	0	0	0	4	0	0	0	0	1	1	1	1	1	1	0	1	2	0	1	0	0	1	0	0	0	0	1	1	0	2	0	0	3	1	4	3	1	4	11	11	51	35	2	1	1	0	2	1	1	0	3	2	1	5	6	24	42	47	14	8	5	2	1	1	0	0	0	0	0	0	0	0	0	0	0	0
28.05.2019 06:55	0	0	0	0	0	0	0	0	0	0	0	0	0	0	2	2	0	0	0	0	1	1	0	1	0	1	0	0	0	0	0	1	0	0	0	0	0	0	1	0	2	0	2	1	1	0	0	0	1	1	0	0	2	2	1	2	3	5	7	17	62	51	3	1	0	0	1	1	1	2	1	1	1	7	6	17	40	58	10	8	7	1	2	0	1	0	0	0	0	0	0	0	0	0	0	0
28.05.2019 05:55	0	0	0	0	0	0	0	0	0	0	0	0	0	1	1	2	0	0	1	0	0	0	0	0	0	2	0	0	0	0	1	0	0	1	0	0	3	0	0	0	2	1	0	0	0	2	3	0	0	0	1	1	0	4	2	1	2	2	6	13	64	45	3	0	1	1	0	0	3	2	1	4	3	6	7	18	44	48	16	5	3	1	0	1	0	0	0	0	0	0	0	0	0	0	0	0
28.05.2019 04:55	0	0	0	0	0	0	0	0	0	0	0	0	0	0	1	1	0	0	0	0	0	0	0	1	0	0	0	0	2	1	0	0	0	0	1	0	0	0	0	0	2	0	1	0	1	1	1	1	1	1	0	1	2	3	1	2	3	7	3	13	60	47	3	1	1	1	1	0	0	0	1	2	2	3	5	20	39	38	14	3	6	1	1	0	0	0	0	0	0	0	0	0	0	0	0	0
28.05.2019 03:55	0	0	0	0	0	0	0	0	0	0	1	0	0	1	2	3	0	0	0	1	0	0	0	0	0	1	1	0	0	1	0	1	0	0	0	0	1	0	0	1	0	0	0	0	1	1	0	0	1	0	2	1	2	4	0	2	2	3	9	12	62	40	0	0	0	1	2	1	0	3	2	3	3	3	10	19	32	47	18	6	3	1	0	0	0	0	0	1	0	0	0	0	0	0	0	0
28.05.2019 02:55	0	0	0	0	0	0	0	0	0	0	0	0	0	0	0	0	0	0	0	0	2	0	1	0	1	2	0	0	0	1	1	0	0	1	0	1	2	1	0	0	0	0	0	0	0	0	1	2	0	2	2	0	2	2	2	1	2	3	5	14	54	45	2	1	0	0	0	0	0	2	1	2	5	1	6	16	36	41	14	5	1	2	1	1	0	1	0	0	0	0	0	0	0	0	0	0
28.05.2019 01:55	0	0	0	0	0	0	0	0	0	1	0	1	0	0	1	0	0	2	1	0	0	0	1	1	0	0	1	0	0	0	0	0	0	1	1	0	0	1	0	0	0	2	1	1	0	0	1	0	0	1	0	1	2	0	2	2	5	3	7	12	65	45	0	0	1	0	0	0	1	0	3	1	2	4	10	18	41	50	16	7	2	0	1	2	0	1	0	0	0	0	0	0	0	0	0	0
28.05.2019 00:55	0	0	0	0	0	0	0	0	0	0	0	1	1	0	0	1	0	1	0	0	1	0	0	1	0	0	0	1	1	0	1	0	0	0	0	0	0	1	0	0	2	0	0	0	2	0	0	2	1	0	0	1	2	3	2	3	3	1	3	14	51	40	0	1	0	1	1	2	0	1	2	0	2	5	7	16	34	54	15	11	5	2	0	0	0	0	0	0	0	0	0	0	0	0	0	0
27.05.2019 23:55	0	0	0	0	0	0	0	0	0	0	0	0	0	0	0	0	0	0	1	0	0	0	0	0	0	0	0	1	0	2	1	0	0	0	0	0	2	1	1	0	0	0	1	1	1	0	1	0	1	2	3	2	3	1	0	1	4	8	7	13	61	36	3	0	0	0	0	0	0	3	0	1	3	2	5	22	49	40	10	5	2	3	1	0	0	0	1	0	0	0	0	0	0	0	0	0
27.05.2019 22:55	0	0	0	0	0	0	0	0	0	0	1	0	1	3	1	0	1	0	0	0	0	0	1	2	0	0	1	0	0	0	1	0	0	1	0	0	0	2	0	2	0	1	0	0	1	2	1	1	1	2	0	0	1	1	3	2	2	4	3	15	53	44	1	0	1	0	1	0	0	0	2	0	0	5	4	16	42	43	9	7	1	2	2	0	1	0	0	0	0	0	0	0	0	0	0	0
27.05.2019 21:55	0	0	0	0	0	0	0	0	0	0	0	1	0	0	1	0	0	3	0	0	0	2	0	1	0	0	0	0	0	2	0	1	0	1	0	1	0	0	1	0	1	1	1	0	0	1	1	0	0	1	0	3	0	2	6	3	2	8	7	13	52	36	1	0	0	1	0	0	0	2	3	1	1	6	5	16	41	46	7	8	3	0	3	0	0	0	0	0	0	0	0	0	0	0	0	0
27.05.2019 20:55	0	0	0	0	0	0	0	0	0	0	0	0	1	0	1	0	0	0	2	0	0	0	0	1	1	0	1	1	0	1	1	0	0	0	0	1	1	0	0	1	0	1	1	0	1	2	0	0	0	0	0	0	0	0	3	0	2	7	4	11	40	54	1	0	0	2	1	0	1	1	1	2	2	2	5	17	18	48	13	6	2	3	0	1	0	0	0	0	0	0	0	0	0	0	0	0
27.05.2019 19:55	0	0	0	0	0	0	0	0	0	0	0	0	0	1	0	1	0	0	0	0	2	0	1	0	0	1	0	0	1	0	0	0	0	0	0	0	0	1	0	0	1	0	2	0	1	3	2	0	0	2	2	2	1	0	1	2	0	8	9	9	44	41	0	0	2	0	1	0	0	1	1	2	1	1	3	13	37	46	10	6	3	3	1	0	0	0	0	0	0	0	0	0	0	0	0	0
27.05.2019 18:55	0	0	0	0	0	0	0	0	0	0	0	1	0	0	0	0	0	0	2	0	1	1	0	1	2	0	0	0	1	0	0	0	1	1	0	1	1	0	1	2	0	3	2	2	0	2	0	0	1	0	1	2	2	2	2	1	3	2	4	8	45	43	1	0	0	0	1	0	4	0	0	1	2	2	5	18	23	37	6	5	3	2	3	2	0	0	0	0	0	0	0	0	0	0	0	0
27.05.2019 17:55	0	0	0	0	0	0	0	0	0	0	0	0	0	2	1	2	0	0	0	0	0	0	0	1	0	1	1	0	0	0	1	0	1	0	1	0	0	0	0	0	0	0	0	0	0	1	0	0	0	0	1	0	0	2	1	1	2	4	8	7	53	32	1	0	1	0	2	2	2	3	2	0	2	3	4	10	23	48	17	7	5	2	2	1	0	0	0	0	0	0	0	0	0	0	0	0
27.05.2019 16:55	0	0	0	0	0	0	0	0	0	0	0	0	0	2	1	1	0	0	0	1	0	0	0	0	1	0	0	0	1	0	0	0	0	2	0	0	0	1	0	0	1	0	0	1	0	0	0	0	1	1	1	0	1	1	3	2	0	2	5	2	36	40	0	0	0	0	0	0	1	1	1	0	3	3	4	19	29	27	16	4	5	4	3	0	0	0	0	0	0	0	0	0	0	0	0	0
27.05.2019 15:55	0	0	0	0	0	0	0	0	0	0	0	0	0	0	0	0	1	1	0	1	0	0	0	1	1	0	0	0	3	0	0	0	0	0	0	0	0	1	0	0	0	0	0	0	1	0	1	0	1	1	0	0	0	2	2	1	2	2	8	9	61	36	3	1	1	0	1	2	1	1	1	0	1	3	8	19	33	43	4	5	2	7	0	2	0	0	0	0	0	0	0	0	0	0	0	0
27.05.2019 14:55	0	0	0	0	0	0	0	0	0	0	0	0	0	0	0	0	0	0	2	0	0	0	1	0	0	1	0	0	1	0	1	0	0	0	1	1	0	0	1	0	1	1	0	0	0	0	2	0	1	0	0	1	1	0	2	0	3	2	5	8	42	39	1	1	0	1	0	0	2	0	3	1	1	3	6	9	24	40	8	6	2	0	1	0	1	0	0	0	0	0	0	0	0	0	0	0
27.05.2019 13:55	0	0	0	0	0	0	0	0	0	0	1	0	0	0	0	1	0	0	0	1	1	0	0	0	1	0	0	0	0	1	0	0	0	1	0	0	1	1	2	0	0	0	0	1	0	0	0	0	0	0	1	0	3	0	0	0	3	4	6	9	50	36	2	0	1	0	2	0	1	1	2	0	3	1	4	14	29	36	18	7	3	1	1	1	0	0	0	0	0	0	0	0	0	0	0	0
27.05.2019 12:55	0	0	0	0	0	0	0	0	0	0	0	0	1	1	0	1	0	0	0	2	0	0	0	0	0	0	0	0	0	0	1	0	0	0	2	0	1	0	0	1	1	0	0	2	0	0	2	1	0	1	0	1	1	2	2	1	0	2	9	12	52	24	2	0	2	1	1	1	0	0	3	2	1	5	4	12	29	52	13	5	4	4	0	2	1	0	0	0	0	1	0	0	0	0	0	0
27.05.2019 11:55	0	0	0	0	0	0	0	0	0	0	0	0	1	1	0	0	1	0	1	0	0	0	1	2	0	0	1	0	0	0	1	0	2	0	0	0	1	0	0	0	0	1	0	0	0	2	1	1	1	1	1	0	2	2	0	2	3	3	8	17	43	40	0	0	0	0	0	3	1	0	1	0	1	3	4	18	20	52	14	3	4	1	3	0	0	0	0	0	0	0	0	0	0	0	0	0
27.05.2019 10:55	0	0	0	0	0	0	0	0	0	0	0	0	0	0	1	0	1	0	1	1	0	0	1	0	1	1	1	0	1	0	0	0	1	0	0	1	0	1	1	1	0	0	0	1	0	0	0	2	3	0	1	0	0	1	1	2	1	5	4	8	39	27	1	0	0	1	0	1	2	2	1	1	3	4	8	17	32	37	5	3	3	2	1	1	0	0	0	0	0	0	0	0	0	0	0	0
27.05.2019 09:55	0	0	0	0	0	0	0	0	0	0	1	0	0	1	0	0	0	1	1	0	1	1	0	0	0	1	0	0	1	0	1	0	1	0	2	0	0	1	0	1	2	0	0	0	0	1	0	0	0	1	1	2	3	1	1	0	5	4	4	10	39	36	1	1	0	3	0	0	0	1	0	0	1	4	12	12	39	50	14	10	2	3	1	1	0	0	0	0	0	0	0	0	0	0	0	0
27.05.2019 08:55	0	0	0	0	0	0	0	0	0	0	0	0	0	0	0	0	0	1	0	1	1	1	0	0	1	0	0	0	0	0	0	0	0	2	1	0	1	0	0	0	0	1	0	0	0	1	1	1	1	0	2	0	0	3	2	1	5	6	3	10	61	47	0	0	1	2	0	1	1	0	4	2	1	2	5	20	30	53	13	8	2	4	2	0	0	0	0	0	0	0	0	0	0	0	0	0
27.05.2019 07:55	0	0	0	0	0	0	0	0	0	0	0	0	1	0	0	0	0	0	0	0	2	0	1	0	2	0	0	1	0	0	1	1	0	2	0	1	1	1	0	0	0	0	1	0	2	1	0	1	0	1	1	3	3	3	2	1	7	7	9	9	46	41	1	0	0	1	0	1	1	1	5	3	1	2	6	16	36	55	5	6	0	2	0	0	0	0	0	0	0	0	0	0	0	0	0	0
27.05.2019 06:55	0	0	0	0	0	0	0	0	0	0	0	0	0	0	0	0	1	1	1	0	0	0	0	0	0	0	0	0	0	0	0	0	0	0	0	0	1	0	1	0	2	1	1	0	0	1	1	1	0	1	1	1	3	5	4	1	2	2	4	7	58	43	2	2	0	0	0	1	1	0	4	0	1	4	1	17	37	42	16	6	1	6	1	0	0	0	0	0	0	0	0	0	0	0	0	0
27.05.2019 05:55	0	0	0	0	0	0	0	0	0	0	0	0	0	0	0	0	1	1	1	3	0	0	0	1	0	1	1	0	0	0	0	0	1	1	0	0	1	1	0	1	0	0	0	0	1	0	3	1	0	1	3	1	0	3	0	1	1	2	5	10	52	29	0	2	3	0	0	1	3	2	0	1	3	6	3	11	31	50	7	4	3	2	3	0	0	0	0	0	0	0	0	0	0	0	0	0
27.05.2019 04:55	0	0	0	0	0	0	0	0	0	0	0	0	0	0	0	0	1	0	1	1	0	0	0	2	0	0	0	1	0	0	0	1	1	0	0	0	0	0	1	0	0	1	0	1	0	0	0	0	1	0	0	0	0	4	2	4	2	7	3	14	51	42	1	0	0	1	0	0	1	1	2	0	4	8	8	14	30	54	16	2	1	3	1	1	0	1	0	0	0	0	0	0	0	0	0	0
27.05.2019 03:55	0	0	0	0	0	0	0	0	0	0	0	0	1	0	1	0	0	1	0	2	0	1	0	0	0	1	0	0	0	0	1	1	1	0	0	0	0	2	0	1	0	0	0	0	0	0	0	1	1	1	0	1	1	3	1	1	2	3	7	16	54	41	0	0	0	0	0	0	2	1	0	4	2	2	4	13	37	48	9	9	6	3	1	0	0	0	0	1	0	0	0	0	0	0	0	0
27.05.2019 02:55	0	0	0	0	0	0	0	0	0	0	0	0	0	0	0	0	1	0	0	0	2	0	0	1	0	0	0	1	1	0	0	0	1	1	1	0	0	0	0	0	0	0	0	0	0	0	0	0	2	2	0	0	0	3	0	2	4	6	6	7	55	39	1	0	0	1	0	0	1	0	2	2	1	2	9	14	40	39	17	3	4	2	0	0	1	0	0	0	0	0	0	0	0	0	0	0
27.05.2019 01:55	0	0	0	0	0	0	0	0	0	0	0	0	0	0	0	0	0	0	0	0	0	0	0	0	0	0	0	1	0	0	0	0	0	1	1	1	0	1	1	0	1	1	0	1	0	0	0	0	0	2	0	1	0	3	0	1	1	3	5	11	46	53	1	0	1	0	1	0	1	3	0	1	0	7	8	20	42	52	7	8	3	1	0	0	0	0	0	0	0	0	0	0	0	0	0	0
27.05.2019 00:55	0	0	0	0	0	0	0	0	0	0	1	0	0	0	0	0	0	0	0	0	1	1	1	0	0	0	1	0	0	1	0	1	0	0	0	1	1	0	0	0	0	0	0	1	1	0	0	0	0	2	1	0	1	2	2	1	2	2	4	13	45	31	1	2	0	1	0	0	0	0	0	3	2	2	7	22	31	47	8	7	6	1	1	0	0	0	1	0	0	0	0	0	0	0	0	0
26.05.2019 23:55	0	0	0	0	0	0	0	0	0	0	0	0	2	0	0	0	2	1	0	0	0	1	0	0	0	0	0	0	0	0	0	0	1	1	0	0	0	1	0	1	0	0	0	2	0	2	0	1	0	0	1	2	2	0	4	1	1	4	4	12	49	40	2	0	0	3	0	0	0	2	0	1	3	3	7	14	24	36	10	6	7	0	1	0	0	0	0	0	0	0	0	0	0	0	0	0
26.05.2019 22:55	0	0	0	0	0	0	0	0	0	0	0	1	0	0	0	0	1	0	1	1	1	0	0	1	0	0	0	0	0	1	0	0	1	3	1	1	0	0	0	0	0	0	0	0	1	2	2	0	0	2	1	1	2	0	0	2	3	4	3	12	38	32	0	1	0	0	0	1	0	0	0	3	2	3	2	13	35	48	11	8	2	1	0	0	0	0	0	1	0	0	0	0	0	0	0	0
26.05.2019 21:55	0	0	0	0	0	0	0	0	0	0	0	0	0	0	0	0	0	0	0	1	0	1	0	1	0	1	0	0	0	0	0	0	0	0	0	0	0	1	1	0	1	1	0	0	1	0	0	0	1	0	1	1	1	0	2	1	2	3	3	10	33	41	0	2	0	0	0	1	0	1	0	0	2	3	7	11	29	46	6	3	3	2	0	1	0	0	0	0	0	0	0	0	0	0	0	0
26.05.2019 20:55	0	0	0	0	0	0	0	0	0	0	0	0	0	0	0	2	0	0	1	0	1	0	1	0	0	0	0	0	0	1	0	0	2	0	0	1	0	0	0	0	0	1	1	0	0	0	0	1	0	1	0	0	0	1	2	1	2	4	2	7	28	39	1	0	0	0	1	1	0	1	2	1	0	4	3	14	20	35	9	3	3	2	2	0	0	0	0	0	0	0	0	0	0	0	0	0
26.05.2019 19:55	0	0	0	0	0	0	0	0	0	0	1	0	1	0	0	0	0	0	0	0	0	1	2	0	1	0	0	0	0	0	0	0	0	0	0	0	1	0	2	0	0	0	1	0	0	0	1	0	0	0	1	2	0	0	0	1	1	5	5	9	40	40	0	0	0	0	1	0	0	1	2	0	1	2	4	13	34	44	11	5	0	1	0	0	1	1	0	0	0	0	0	0	0	0	0	0
26.05.2019 18:55	0	0	0	0	0	0	0	0	0	0	1	0	0	0	0	1	2	0	2	0	1	0	1	0	0	2	1	0	0	1	0	0	0	0	0	0	0	0	1	0	0	0	0	1	2	0	0	0	0	0	0	1	1	3	2	2	2	5	8	6	39	38	1	0	0	1	0	0	0	3	2	0	4	3	9	8	23	33	11	4	3	1	1	2	0	0	0	0	0	0	0	0	0	0	0	0
26.05.2019 17:55	0	0	0	0	0	0	0	0	0	0	0	0	0	0	0	0	0	2	0	0	0	0	0	0	0	0	1	0	0	0	1	0	1	0	1	0	0	0	0	2	1	2	0	0	0	0	0	2	0	0	1	1	1	1	0	1	1	3	7	10	36	40	0	0	0	0	0	1	0	0	4	4	3	3	3	4	26	43	11	4	4	2	0	1	0	0	1	0	0	0	0	0	0	0	0	0
26.05.2019 16:55	0	0	0	0	0	0	0	0	0	0	0	0	0	1	1	0	1	1	0	0	0	0	1	0	0	0	1	0	1	1	0	1	0	0	0	1	1	1	0	1	1	0	1	1	1	1	0	1	0	1	0	0	0	2	2	1	0	5	9	4	37	33	0	0	1	0	0	0	3	0	2	1	2	4	5	10	22	41	4	6	2	0	0	1	0	0	0	0	1	0	0	0	0	0	0	0
26.05.2019 15:55	0	0	0	0	0	0	0	0	0	0	1	0	0	0	1	0	0	0	0	0	0	0	0	1	0	0	0	0	1	0	0	0	0	0	0	1	1	0	0	0	0	0	0	0	1	1	0	1	0	0	2	1	0	2	0	0	2	1	5	10	34	38	0	0	0	0	0	0	2	0	1	1	0	8	1	9	29	35	10	3	2	2	1	0	0	1	0	0	0	0	0	0	0	0	0	0
26.05.2019 14:55	0	0	0	0	0	0	0	0	0	0	0	1	1	0	1	0	0	0	0	0	0	0	0	0	0	1	0	1	0	0	1	1	0	1	0	1	1	0	0	0	0	0	0	2	0	1	0	1	3	1	0	1	1	1	2	3	1	1	3	10	42	26	1	1	0	1	0	1	0	1	0	2	0	3	2	12	25	33	10	6	2	4	0	1	0	0	1	0	0	0	0	0	0	0	0	0
26.05.2019 13:55	0	0	0	0	0	0	0	0	0	0	0	0	1	0	1	0	0	0	0	0	0	1	0	0	1	1	1	1	0	0	1	0	0	1	0	1	0	1	0	0	0	0	0	0	2	0	0	2	1	0	2	1	2	0	3	2	2	1	4	11	55	33	2	0	1	0	1	1	0	1	0	1	1	4	3	12	30	33	8	2	2	1	0	0	0	0	0	0	0	0	0	0	0	0	0	0
26.05.2019 12:55	0	0	0	0	0	0	0	0	0	0	0	0	1	0	0	1	0	1	0	1	0	0	0	1	0	2	0	0	0	1	0	1	0	1	0	2	1	1	0	1	0	1	0	0	0	0	0	0	1	0	1	0	1	4	1	0	1	0	6	5	34	31	2	2	0	0	1	0	2	1	2	1	2	2	4	13	19	45	9	3	4	1	3	0	0	0	0	0	0	0	0	0	0	0	0	0
26.05.2019 11:55	0	0	0	0	0	0	0	0	0	0	0	0	1	0	0	1	0	0	1	2	0	1	0	0	0	0	0	1	0	1	0	0	1	1	1	0	0	0	0	0	1	0	0	0	0	0	0	2	1	1	1	1	2	2	1	1	5	4	4	5	34	37	1	0	0	0	0	0	1	0	1	1	0	5	3	8	21	29	8	6	5	0	2	0	1	0	0	0	1	0	0	0	0	0	0	0
26.05.2019 10:55	0	0	0	0	0	0	0	0	0	0	0	0	0	0	1	1	0	0	0	1	0	0	0	1	0	0	0	1	1	0	0	1	0	0	0	0	1	0	0	1	0	1	0	0	0	1	1	0	1	0	2	0	0	0	2	0	0	2	5	8	34	26	1	0	0	0	0	1	3	4	1	2	3	0	4	6	20	30	4	5	5	1	1	0	0	0	0	0	0	0	0	0	0	0	0	0
26.05.2019 09:55	0	0	0	0	0	0	0	0	0	0	0	0	0	0	0	0	0	1	0	0	0	0	0	0	0	1	2	0	0	1	0	0	0	0	0	0	0	1	0	0	0	1	0	0	0	0	0	0	1	2	1	0	1	1	1	2	4	3	5	8	36	34	0	3	1	0	0	1	1	1	1	0	1	5	2	11	15	38	7	2	4	1	1	0	0	0	0	0	0	0	0	0	0	0	0	0
26.05.2019 08:55	0	0	0	0	0	0	0	0	0	0	0	0	0	0	1	0	0	0	0	0	0	0	0	0	0	1	0	0	0	0	0	0	0	0	2	0	0	1	0	0	0	0	0	0	0	2	0	0	0	2	0	0	1	1	0	1	0	4	5	7	24	24	2	0	0	0	0	0	3	0	2	0	2	1	4	9	21	36	6	4	2	1	0	1	0	0	0	0	0	0	0	0	0	0	0	0
26.05.2019 07:55	0	0	0	0	0	0	0	0	0	0	0	0	0	1	1	1	0	0	0	0	0	1	0	1	0	2	1	0	1	0	0	0	1	0	0	0	0	0	0	0	0	0	0	0	0	0	0	0	0	0	0	0	0	2	1	0	1	0	4	4	33	28	0	0	0	0	0	3	0	1	1	0	0	1	3	9	24	28	1	1	0	2	2	0	0	0	0	0	0	0	0	0	0	0	0	0
26.05.2019 06:55	0	0	0	0	0	0	0	0	0	0	0	0	0	1	0	0	0	1	0	0	0	0	0	1	0	0	0	1	0	0	0	0	1	1	1	1	0	0	0	1	1	1	1	0	0	0	0	0	0	0	0	0	2	1	0	1	1	2	2	3	31	19	1	0	0	0	0	0	0	0	0	1	2	6	0	6	21	32	4	3	2	3	0	0	0	0	0	0	0	0	0	0	0	0	0	0
26.05.2019 05:55	0	0	0	0	0	0	0	0	0	0	1	1	0	0	0	0	0	1	0	1	0	0	0	0	0	0	0	0	0	0	0	0	0	0	0	1	1	0	0	3	1	1	0	0	0	0	0	0	1	0	2	1	0	1	0	1	1	4	3	5	29	28	0	0	0	0	0	1	1	2	1	0	1	5	3	9	26	34	12	3	3	1	0	1	0	0	0	0	0	0	0	0	0	0	0	0
26.05.2019 04:55	0	0	0	0	0	0	0	0	0	0	0	1	1	0	0	0	0	0	1	1	0	0	0	0	0	0	0	1	1	1	0	0	1	0	0	0	0	0	0	0	0	0	0	1	0	0	1	1	0	0	1	1	1	1	0	3	1	0	2	3	27	24	2	0	0	1	1	0	0	0	2	2	2	3	3	10	12	18	5	2	2	1	0	2	0	0	0	0	0	0	0	0	0	0	0	0
26.05.2019 03:55	0	0	0	0	0	0	0	0	0	0	0	0	2	1	0	0	0	0	1	1	0	0	0	0	0	1	1	0	0	0	0	0	0	0	0	0	0	0	0	0	0	0	1	0	0	0	1	0	0	2	0	0	1	0	0	0	2	4	4	4	26	34	0	0	0	0	0	0	1	0	3	0	0	1	5	10	20	25	5	6	1	1	2	0	0	0	0	0	0	0	0	0	0	0	0	0
26.05.2019 02:55	0	0	0	0	0	0	0	0	0	0	0	0	0	0	0	0	1	0	1	0	1	0	1	0	0	1	1	0	1	0	0	0	0	0	2	0	0	0	1	1	0	0	0	0	1	0	0	0	0	0	0	1	1	0	2	0	2	0	3	7	28	29	1	1	1	0	0	0	0	0	0	0	1	4	3	5	13	41	6	5	3	1	0	0	0	0	0	0	0	0	0	0	0	0	0	0
26.05.2019 01:55	0	0	0	0	0	0	0	0	0	0	0	1	0	0	1	0	0	1	0	0	1	1	0	0	1	0	0	0	0	0	0	0	0	0	0	0	0	0	1	0	0	1	1	0	0	0	0	0	0	1	1	0	0	0	0	1	0	1	3	8	25	31	1	0	0	2	0	0	1	0	4	0	1	1	4	8	18	44	7	5	1	3	0	0	0	0	0	0	0	0	0	0	0	0	0	0
26.05.2019 00:55	0	0	0	0	0	0	0	0	0	0	0	0	2	0	0	0	0	0	1	0	0	0	1	0	0	0	0	0	0	0	0	0	0	0	1	0	0	0	0	0	0	1	0	0	0	1	0	2	0	2	1	0	0	0	0	0	0	2	0	10	29	33	0	0	2	0	1	0	0	0	1	1	0	0	3	8	17	38	10	0	3	0	0	2	0	0	0	0	0	0	0	0	0	0	0	0
25.05.2019 23:55	0	0	0	0	0	0	0	0	0	0	0	1	0	0	1	0	0	0	0	0	0	0	0	0	0	0	1	0	0	1	0	0	0	0	1	1	0	1	0	0	0	0	0	0	1	0	0	0	0	1	0	0	0	0	0	3	0	1	1	4	32	32	1	0	0	0	0	0	1	2	1	1	2	1	3	14	15	29	5	8	2	2	1	0	0	0	0	0	0	0	0	0	0	0	0	0
25.05.2019 22:55	0	0	0	0	0	0	0	0	0	0	0	2	0	0	0	2	0	0	0	0	0	1	1	0	0	0	0	0	0	1	0	0	0	0	0	0	1	0	1	0	1	0	0	1	0	0	1	1	0	0	1	0	0	2	3	2	2	1	7	9	34	26	0	0	0	1	1	1	0	1	0	0	0	0	1	10	26	16	7	2	0	1	0	1	0	0	0	0	0	0	0	0	0	0	0	0
25.05.2019 21:55	0	0	0	0	0	0	0	0	0	0	0	0	0	0	1	0	0	0	0	0	2	0	0	1	0	0	0	0	1	0	0	0	0	1	0	0	1	1	0	0	0	0	0	0	0	0	1	0	0	0	0	0	1	2	0	0	0	3	3	3	29	22	0	0	1	0	0	0	0	0	1	1	1	0	1	6	20	22	0	1	0	1	0	0	0	0	0	0	0	0	0	0	0	0	0	0
25.05.2019 20:55	0	0	0	0	0	0	0	0	0	0	0	0	1	0	1	0	0	0	0	1	0	0	0	0	0	0	0	1	0	0	0	0	0	1	0	0	0	0	0	0	0	0	1	1	0	1	0	1	1	1	0	0	1	0	0	1	1	2	3	6	20	16	0	0	0	0	0	0	0	0	1	1	3	0	4	10	8	21	0	0	1	0	2	0	0	0	0	0	0	0	0	0	0	0	0	0
25.05.2019 19:55	0	0	0	0	0	0	0	0	0	0	0	0	0	0	0	0	0	0	0	0	1	0	0	1	0	0	0	0	1	0	0	0	0	1	0	0	0	0	0	1	0	0	0	0	0	0	0	0	0	0	0	1	0	0	1	0	0	3	6	4	13	13	0	1	0	1	0	0	0	0	0	1	0	3	0	7	12	13	5	1	2	1	0	0	0	0	0	0	0	0	0	0	0	0	0	0
25.05.2019 18:55	0	0	0	0	0	0	0	0	0	0	0	0	0	0	0	0	0	0	0	0	0	0	0	0	0	0	1	0	0	0	1	0	1	1	0	0	0	0	0	1	0	0	1	0	0	0	0	1	0	1	0	0	0	0	2	1	3	0	3	4	15	9	0	0	0	0	0	0	0	0	1	0	0	1	4	4	20	17	4	1	0	0	0	0	1	0	0	0	0	0	0	0	0	0	0	0
25.05.2019 17:55	0	0	0	0	0	0	0	0	0	0	0	0	0	0	1	1	0	0	0	2	0	1	1	0	0	0	0	0	0	0	1	0	0	1	0	0	1	0	0	0	0	0	0	0	0	0	0	0	0	0	1	1	1	1	1	0	2	1	1	5	15	12	1	0	1	0	2	0	0	0	3	0	1	1	5	6	20	30	6	5	3	2	2	0	0	0	0	0	0	0	0	0	0	0	0	0
25.05.2019 16:55	0	0	0	0	0	0	0	0	0	0	0	0	0	1	0	0	1	1	0	0	1	1	0	0	0	0	0	0	0	0	1	0	0	0	0	1	0	1	0	1	0	0	0	1	0	0	1	1	0	0	1	0	2	1	0	2	1	2	6	4	34	24	1	0	1	0	0	1	0	1	1	0	0	2	5	12	15	26	6	13	3	1	0	0	1	0	0	0	0	0	0	0	0	0	0	0
25.05.2019 15:55	0	0	0	0	0	0	0	0	0	0	0	1	0	0	0	0	0	0	0	0	2	1	1	1	1	0	2	0	1	1	1	0	1	2	0	0	0	1	0	0	1	0	0	1	0	1	0	0	1	0	1	0	5	0	3	1	0	3	4	10	37	47	0	0	2	0	0	0	0	0	1	1	1	7	5	11	31	50	8	5	1	1	0	0	1	1	0	0	0	0	0	0	0	0	0	0
25.05.2019 14:55	0	0	0	0	0	0	0	0	0	0	1	0	0	1	0	0	0	1	2	0	2	0	3	0	1	6	1	0	0	2	3	1	0	0	0	0	0	1	0	1	1	0	0	0	1	0	1	0	1	0	1	1	2	1	3	2	0	2	3	2	50	47	4	0	0	4	2	3	1	2	0	6	3	3	8	8	28	51	16	6	3	3	1	0	1	0	0	0	0	0	0	0	0	0	0	0
25.05.2019 13:55	0	0	0	0	0	0	0	0	0	0	0	0	0	0	0	2	1	0	0	1	0	0	1	0	0	0	0	0	0	0	1	0	2	0	0	1	1	0	0	1	0	3	1	0	1	1	0	1	4	0	0	0	0	4	1	3	1	4	13	18	59	52	1	0	1	0	1	1	3	2	2	2	2	6	7	26	47	76	10	3	4	2	2	0	0	0	0	1	0	0	0	0	0	0	0	0
25.05.2019 12:55	0	0	0	0	0	0	0	0	0	1	0	2	1	1	0	0	2	0	1	0	0	1	1	1	0	0	0	1	2	1	0	0	0	1	0	0	0	0	1	2	3	2	1	1	1	0	2	1	1	1	1	0	1	6	1	6	4	3	7	15	61	59	2	0	1	1	1	0	1	1	1	2	2	6	8	13	46	83	14	6	7	4	2	1	0	0	0	0	0	0	0	0	0	0	0	0
25.05.2019 11:55	0	0	0	0	0	0	0	0	0	1	0	0	0	0	0	1	1	0	0	2	0	1	1	1	1	1	1	0	1	1	1	0	0	0	0	1	1	0	0	0	0	2	0	0	2	1	1	0	1	1	1	1	1	2	2	2	4	5	5	9	63	43	1	1	0	2	3	0	0	1	2	1	1	5	5	25	45	62	20	7	2	8	3	0	0	0	0	0	0	0	0	0	0	0	0	0
25.05.2019 10:55	0	0	0	0	0	0	0	0	0	0	1	0	0	1	1	2	0	1	1	0	2	2	1	0	1	0	0	0	0	1	0	1	0	0	1	0	1	2	2	1	0	0	0	1	0	0	0	0	1	2	0	1	3	2	3	1	2	5	9	16	68	64	2	0	0	2	1	2	1	2	2	2	0	5	5	23	39	68	26	9	7	2	2	0	0	0	0	0	0	0	0	0	0	0	0	0
25.05.2019 09:55	0	0	0	0	0	0	0	0	0	0	1	1	1	2	0	1	0	1	1	0	0	1	0	1	0	0	0	0	0	1	0	0	1	1	0	1	0	2	0	0	0	0	1	1	0	1	0	1	1	0	0	1	4	3	4	1	5	5	8	13	64	64	3	1	0	2	1	0	3	0	2	2	0	8	6	17	39	78	11	5	4	3	1	0	1	0	0	0	0	0	0	0	0	0	0	0
25.05.2019 08:55	0	0	0	0	0	0	0	0	0	0	0	1	0	1	1	1	1	1	0	1	0	1	0	1	3	0	0	0	0	2	1	0	0	0	1	1	2	0	0	0	1	1	0	0	3	2	1	1	1	3	2	1	0	4	5	3	1	3	11	13	71	57	1	0	1	0	1	1	1	2	0	0	2	8	3	12	48	49	18	6	2	2	1	0	0	0	1	0	0	0	0	0	0	0	0	0
25.05.2019 07:55	0	0	0	0	0	0	0	0	0	0	0	0	1	0	0	1	0	1	2	0	0	2	2	0	0	2	0	1	2	0	1	0	0	1	0	1	1	0	0	0	2	0	0	0	0	0	1	1	1	1	2	0	2	0	2	2	2	9	15	10	73	53	3	1	1	2	2	0	0	2	2	0	3	8	7	21	35	65	21	8	4	2	1	1	0	1	0	0	0	0	0	0	0	0	0	0
25.05.2019 06:55	0	0	0	0	0	0	0	0	0	0	0	1	0	0	0	1	2	0	0	0	1	0	0	0	0	0	1	1	1	3	2	1	2	1	0	0	0	0	0	0	0	1	0	0	2	0	0	0	0	1	1	0	0	0	0	1	4	5	8	14	72	56	3	1	0	1	1	0	2	1	2	1	0	6	7	21	38	54	16	5	6	1	1	2	0	0	1	0	0	0	0	0	0	0	0	0
25.05.2019 05:55	0	0	0	0	0	0	0	0	0	0	2	0	1	0	1	1	0	1	1	0	0	0	1	0	2	0	0	1	1	0	1	1	1	2	1	1	0	1	0	0	2	1	1	0	0	1	0	1	2	1	1	0	3	4	2	2	5	6	7	8	58	48	3	1	0	2	1	0	2	1	4	0	0	2	6	10	52	71	15	6	4	1	1	1	1	0	0	0	0	0	0	0	0	0	0	0
25.05.2019 04:55	0	0	0	0	0	0	0	0	0	0	0	1	1	0	0	2	1	3	0	1	4	1	0	1	1	0	0	2	1	1	1	0	1	2	0	0	0	1	0	0	1	2	0	0	1	0	0	0	1	0	1	2	3	0	2	4	3	4	8	13	57	48	0	0	0	0	0	0	1	3	2	1	4	5	3	23	45	59	10	6	2	1	2	1	0	0	0	0	0	0	0	0	0	0	0	0
25.05.2019 03:55	0	0	0	0	0	0	0	0	0	0	0	0	1	1	1	1	1	1	3	3	1	0	0	0	1	1	0	0	0	1	0	0	0	0	1	0	0	1	0	1	0	1	1	1	1	0	0	1	2	0	0	0	0	3	7	1	2	9	7	16	70	51	3	2	1	0	1	1	3	2	2	1	3	5	2	17	39	65	14	11	3	1	2	0	1	1	0	0	0	0	0	0	0	0	0	0
25.05.2019 02:55	0	0	0	0	0	0	0	0	0	0	0	0	0	0	2	1	0	0	0	2	2	2	0	1	2	1	0	1	0	0	3	1	0	0	0	0	0	1	0	0	1	1	1	1	0	4	0	0	1	2	1	0	2	3	2	6	2	3	12	7	56	57	1	0	1	0	1	4	2	1	2	3	1	1	5	20	55	60	19	9	4	2	1	1	0	0	0	0	0	0	0	0	0	0	0	0
25.05.2019 01:55	0	0	0	0	0	0	0	0	0	0	1	1	1	0	2	0	1	0	1	2	1	1	0	0	0	1	1	1	2	2	1	1	2	2	0	1	1	0	1	1	0	0	2	0	1	2	0	1	1	1	1	1	1	1	2	2	3	1	5	15	66	55	1	0	1	1	1	1	2	0	2	1	2	5	10	25	44	69	19	6	4	3	0	0	0	0	0	0	0	0	0	0	0	0	0	0
25.05.2019 00:55	0	0	0	0	0	0	0	0	0	0	1	0	1	0	0	1	1	0	1	1	0	0	1	0	1	2	0	0	0	1	0	1	0	2	1	0	2	0	0	0	0	1	1	0	1	2	1	1	0	3	1	0	1	3	3	4	2	11	7	17	57	60	2	0	1	3	0	0	0	1	3	3	3	4	6	18	26	60	16	4	1	4	1	0	0	0	0	0	0	0	0	0	0	0	0	0
24.05.2019 23:55	0	0	0	0	0	0	0	0	0	0	0	0	2	0	2	1	0	2	0	1	2	1	1	1	1	0	0	1	0	2	1	0	0	1	1	2	1	2	1	1	0	0	0	1	0	1	1	2	0	0	0	3	1	3	4	2	0	2	6	20	57	36	0	0	0	0	1	1	1	2	0	3	0	4	5	17	32	73	14	6	8	4	1	1	0	0	0	0	0	0	0	0	0	0	0	0
24.05.2019 22:55	0	0	0	0	0	0	0	0	0	0	0	0	0	3	0	0	0	1	1	1	2	0	0	0	2	0	0	1	1	2	0	1	0	1	0	0	0	1	0	2	0	0	0	0	2	0	0	0	0	0	0	1	1	2	0	3	1	4	6	10	62	53	1	2	1	0	0	0	1	0	1	3	2	3	7	19	21	48	15	6	8	2	2	0	0	0	0	0	0	0	0	0	0	0	0	0
24.05.2019 21:55	0	0	0	0	0	0	0	0	0	0	0	0	0	0	2	0	1	1	1	0	1	2	0	1	1	0	0	1	1	2	0	0	1	2	0	0	1	1	0	1	0	1	0	0	0	1	0	0	0	1	2	0	0	2	2	0	1	4	6	7	55	34	1	0	0	0	0	0	0	0	1	1	1	6	8	12	28	42	15	4	3	2	2	0	0	0	0	0	1	0	0	0	0	0	0	0
24.05.2019 20:55	0	0	0	0	0	0	0	0	0	0	0	2	2	0	0	0	2	2	0	0	0	1	0	0	1	0	0	1	0	0	2	0	2	0	1	0	1	0	1	0	0	1	1	0	1	0	1	0	0	1	0	0	0	3	3	0	0	4	6	10	46	53	0	0	0	0	0	2	0	0	1	1	2	5	2	18	35	51	17	7	3	1	2	0	0	0	0	0	0	0	0	0	0	0	0	0
24.05.2019 19:55	0	0	0	0	0	0	0	0	0	0	0	0	1	1	1	1	0	0	1	2	3	0	1	2	0	1	3	0	0	0	0	0	0	0	0	1	0	0	1	0	0	0	0	0	0	1	1	0	0	0	0	1	2	0	2	1	2	5	9	10	40	43	1	1	0	0	0	1	3	3	2	2	3	4	3	8	33	40	16	4	3	4	2	1	0	0	0	0	0	0	0	0	0	0	0	0
24.05.2019 18:55	0	0	0	0	0	0	0	0	0	0	0	0	0	2	0	0	1	1	0	0	0	0	0	1	2	0	1	2	1	1	1	1	0	1	4	0	0	0	1	1	1	2	0	0	0	0	0	2	2	1	1	2	0	1	3	1	5	5	5	9	43	39	0	0	2	1	0	4	1	1	1	2	2	3	7	4	20	41	10	6	1	1	0	1	1	0	0	0	0	0	0	0	0	0	0	0
24.05.2019 17:55	0	0	0	0	0	0	0	0	0	0	0	1	0	0	0	2	0	0	1	0	0	1	0	0	0	1	2	2	0	1	1	0	0	0	0	0	0	0	0	1	0	0	1	0	1	0	0	0	1	0	3	0	1	5	0	1	3	3	5	10	46	45	2	1	0	1	1	0	1	0	1	1	2	0	4	25	29	50	13	4	5	1	0	1	0	0	0	0	0	0	0	0	0	0	0	0
24.05.2019 16:55	0	0	0	0	0	0	0	0	0	0	0	1	1	1	1	1	0	2	0	0	1	0	0	0	0	1	0	0	2	0	0	0	0	0	0	1	2	2	0	0	2	0	0	0	0	0	0	2	0	2	4	1	0	2	1	2	1	3	2	11	54	31	1	0	0	2	0	1	1	4	1	3	2	3	7	16	37	58	13	3	3	5	2	1	0	0	0	0	0	0	0	0	0	0	0	0
24.05.2019 15:55	0	0	0	0	0	0	0	0	0	0	2	0	0	0	1	0	1	1	0	1	0	2	0	0	1	1	1	0	1	1	0	1	1	0	0	0	2	0	3	0	1	0	1	0	1	3	0	2	0	1	0	1	1	3	3	3	1	5	10	11	49	57	2	0	0	3	0	1	1	2	2	0	2	6	9	17	33	65	22	3	6	2	2	0	1	0	1	0	0	0	0	0	0	0	0	0
24.05.2019 14:55	0	0	0	0	0	0	0	0	0	0	0	0	0	1	0	0	0	0	0	0	0	1	0	2	0	0	0	0	0	0	0	1	0	1	1	2	0	1	0	1	2	1	1	0	1	0	2	1	2	1	1	0	0	5	1	3	1	2	7	12	52	46	1	3	0	1	0	1	1	1	1	2	3	6	10	10	45	59	20	2	3	2	0	0	1	0	0	0	0	0	0	0	0	0	0	0
24.05.2019 13:55	0	0	0	0	0	0	0	0	0	0	1	0	1	0	0	0	1	0	1	1	1	0	0	1	0	0	0	1	0	0	0	0	0	1	0	0	0	1	0	0	0	1	0	0	1	0	2	0	1	1	2	0	3	1	4	2	2	5	11	13	59	52	1	2	0	2	1	1	3	1	1	1	3	2	5	22	31	38	20	6	2	1	0	1	0	0	0	0	0	0	0	0	0	0	0	0
24.05.2019 12:55	0	0	0	0	0	0	0	0	0	0	0	2	0	0	1	0	1	0	0	3	1	0	0	1	1	1	0	1	0	1	1	1	0	3	0	1	0	0	0	0	1	1	0	2	1	0	1	0	0	0	2	1	2	1	4	1	4	4	7	8	46	42	3	1	0	2	1	0	2	0	1	2	1	2	4	12	24	41	13	6	3	1	0	1	0	0	0	1	0	0	0	0	0	0	0	0
24.05.2019 11:55	0	0	0	0	0	0	0	0	0	1	0	0	1	0	0	0	0	0	1	1	0	1	0	0	1	1	0	1	1	1	1	2	1	2	0	0	0	1	0	2	1	3	0	0	0	0	1	0	0	1	1	2	2	2	1	2	4	2	8	11	41	38	0	1	0	0	1	1	1	2	1	0	2	3	7	15	36	36	11	7	4	4	0	1	0	0	0	1	0	0	0	0	0	0	0	0
24.05.2019 10:55	0	0	0	0	0	0	0	0	0	0	1	1	0	0	0	0	0	0	0	0	1	0	0	1	1	1	1	0	1	0	0	0	0	2	1	1	0	0	0	0	0	0	1	0	0	1	1	0	0	2	0	0	2	2	3	2	1	2	9	5	47	42	3	0	2	0	0	0	0	0	3	1	1	3	4	7	38	40	11	3	3	2	2	0	0	0	0	0	0	0	0	0	0	0	0	0
24.05.2019 09:55	0	0	0	0	0	0	0	0	0	0	0	1	0	2	0	0	0	1	0	1	0	1	1	0	1	0	0	1	2	2	1	1	0	1	1	1	0	1	0	0	0	1	0	1	0	0	0	0	0	0	0	0	2	0	1	0	2	2	5	7	31	41	1	1	1	0	0	1	1	3	0	0	3	0	5	16	30	45	6	6	2	3	2	0	0	0	0	0	0	0	0	0	0	0	0	0
24.05.2019 08:55	0	0	0	0	0	0	0	0	0	0	0	0	0	0	2	0	2	0	0	0	0	0	1	0	0	0	0	1	1	3	1	0	0	0	0	0	2	0	0	0	1	1	1	1	1	0	2	1	0	1	0	0	2	2	2	1	1	5	6	9	39	32	0	0	0	1	0	1	0	1	2	0	1	4	3	18	33	50	11	4	4	2	2	1	0	0	0	0	0	0	0	0	0	0	0	0
24.05.2019 07:55	0	0	0	0	0	0	0	0	0	0	0	0	0	5	0	0	0	2	0	1	2	0	2	0	0	0	1	2	1	0	0	0	0	0	0	1	1	0	0	2	0	0	1	0	0	0	1	2	0	1	0	0	0	2	2	4	1	2	6	6	37	42	2	1	1	1	0	0	2	1	4	1	3	8	6	21	50	80	21	8	8	3	2	0	0	0	0	0	0	0	0	0	0	0	0	0
24.05.2019 06:55	0	0	0	0	0	0	0	0	0	0	0	1	3	0	0	5	0	3	0	0	1	1	0	1	1	1	0	0	2	2	2	0	1	1	0	2	0	1	0	1	1	0	1	1	0	2	0	2	1	2	0	3	0	1	2	4	4	3	12	23	77	65	3	0	0	0	1	1	0	2	1	3	3	7	10	34	55	77	18	5	9	3	2	1	1	1	0	0	0	0	0	0	0	0	0	0
24.05.2019 05:55	0	0	0	0	0	0	0	0	0	2	0	0	1	1	1	0	0	1	0	2	0	2	0	0	1	1	0	4	1	0	0	2	1	1	0	0	2	3	1	1	4	2	1	1	3	0	0	1	0	3	1	2	4	4	2	2	2	8	10	18	63	69	4	0	2	2	0	1	1	5	1	4	5	3	7	26	59	93	17	14	1	4	3	1	1	0	0	0	0	0	0	0	0	0	0	0
24.05.2019 04:55	0	0	0	0	0	0	0	0	0	0	0	0	2	0	3	1	2	3	1	0	3	1	0	0	1	3	0	1	0	0	0	1	1	0	0	0	0	0	0	0	1	0	1	0	1	0	0	0	1	2	1	1	0	1	4	3	5	13	11	28	84	71	0	1	0	2	1	1	4	1	0	1	6	5	6	22	65	90	14	16	3	6	3	3	0	1	0	0	0	0	0	0	0	0	0	0
24.05.2019 03:55	0	0	0	0	0	0	0	0	0	0	1	0	0	0	1	1	0	2	3	1	2	2	2	0	1	1	2	0	2	1	3	1	2	1	4	1	0	0	0	1	1	3	0	2	1	0	2	2	0	5	2	3	3	1	2	3	1	3	13	21	77	67	6	4	2	3	0	1	1	1	4	5	1	7	15	27	56	110	34	13	6	2	1	1	0	0	0	0	0	0	0	0	0	0	0	0
24.05.2019 02:55	0	0	0	0	0	0	0	0	0	0	0	0	2	2	0	1	0	1	5	2	2	3	3	2	0	0	0	1	1	1	1	1	1	1	3	2	2	1	0	1	1	0	3	0	2	2	1	1	0	1	2	4	2	2	4	5	11	8	6	21	89	77	3	1	1	1	1	4	3	2	5	4	2	8	10	33	57	118	24	18	4	6	3	0	0	0	0	0	0	0	0	0	0	0	0	0
24.05.2019 01:55	0	0	0	0	0	0	0	0	0	0	1	1	1	1	1	1	3	1	4	3	1	4	0	2	1	0	0	0	1	1	3	0	1	1	0	0	1	1	1	3	1	2	0	0	1	0	0	0	1	3	6	5	8	4	2	2	6	5	13	19	91	88	2	0	0	0	0	2	4	1	3	1	9	7	13	37	76	123	29	13	11	4	4	3	0	0	0	0	0	0	0	0	0	0	0	0
24.05.2019 00:55	0	0	0	0	0	0	0	0	0	0	1	1	1	2	3	1	2	2	0	2	0	0	2	2	3	1	3	0	5	1	0	1	3	2	1	1	3	0	0	0	2	1	1	2	0	1	0	2	1	3	1	2	0	2	4	2	9	7	16	25	114	131	2	1	2	1	2	3	6	5	8	2	6	11	8	33	81	139	44	17	7	2	3	2	2	0	0	0	0	0	0	0	0	0	0	0
23.05.2019 23:55	0	0	0	0	0	0	0	0	0	0	0	0	1	1	1	2	1	5	1	0	1	0	0	2	3	2	0	1	0	1	0	4	3	3	0	2	0	3	0	3	1	3	1	2	0	2	3	3	1	1	4	4	4	4	3	3	6	5	23	28	119	115	3	2	0	3	3	1	2	5	8	1	7	4	8	39	87	134	27	17	8	7	3	1	0	1	0	0	0	0	0	0	0	0	0	0
23.05.2019 22:55	0	0	0	0	0	0	0	0	0	2	1	0	2	1	1	2	3	0	4	2	1	3	3	0	2	0	3	1	3	3	1	0	2	2	2	1	0	3	0	2	1	3	0	1	1	0	1	2	2	2	1	2	3	3	6	6	2	8	19	33	130	121	5	2	0	4	0	2	4	1	5	1	5	13	17	44	108	169	28	19	11	12	4	0	1	0	0	0	0	0	0	0	0	0	0	0
23.05.2019 21:55	0	0	0	0	0	0	0	0	0	0	1	2	1	1	6	1	5	1	1	2	2	2	2	3	1	2	0	3	5	4	1	0	1	3	4	2	1	0	3	1	2	1	3	1	2	1	3	0	2	1	5	4	4	9	7	6	10	15	24	44	142	146	3	3	2	1	1	0	2	5	7	4	7	14	23	46	94	185	36	14	9	8	5	2	0	0	0	0	0	0	0	0	0	0	0	0
23.05.2019 20:55	0	0	0	0	0	0	0	0	0	0	1	3	2	3	0	1	4	2	1	1	3	1	1	4	0	3	3	0	2	0	2	1	4	2	2	4	4	0	3	1	1	4	3	0	2	2	1	2	4	1	1	4	7	9	4	11	4	18	9	40	148	174	3	4	0	2	1	0	5	4	9	3	4	18	13	48	104	205	48	23	14	15	5	1	1	0	0	0	0	0	0	0	0	0	0	0
23.05.2019 19:55	0	0	0	0	0	0	0	0	0	1	0	1	2	4	3	3	0	0	0	1	2	2	2	2	2	5	0	5	3	2	3	3	3	1	0	2	3	4	1	5	1	2	1	1	4	2	0	3	3	2	2	3	3	1	6	12	4	22	20	46	172	168	7	3	3	3	1	2	5	2	4	4	12	11	13	53	109	202	39	26	14	8	4	1	0	0	0	0	0	0	0	0	0	0	0	0
23.05.2019 18:55	0	0	0	0	0	0	0	0	0	0	3	0	2	2	3	1	2	4	2	2	3	2	0	3	2	5	2	3	2	3	1	1	0	2	1	0	4	2	0	3	1	5	0	3	2	3	0	4	2	0	5	2	2	7	10	11	11	19	22	42	161	165	4	1	3	4	4	2	3	8	10	6	8	18	17	44	118	214	67	31	20	6	3	1	0	1	0	0	0	0	0	0	0	0	0	0
23.05.2019 17:55	0	0	0	0	0	0	0	0	0	0	2	2	2	2	3	2	3	5	8	0	3	3	3	7	2	3	3	2	3	0	2	1	2	4	4	2	4	6	2	3	2	3	1	2	3	2	2	2	5	5	1	4	5	8	10	9	10	14	28	32	172	183	5	5	2	5	1	2	5	18	7	5	8	20	18	74	112	252	58	17	14	9	5	4	1	0	0	0	0	0	0	0	0	0	0	0
23.05.2019 16:55	0	0	0	0	0	0	0	0	0	0	2	2	5	1	0	5	1	4	2	1	7	2	0	3	0	4	3	3	0	1	4	1	2	3	2	2	1	1	1	1	5	3	2	3	2	0	1	3	4	4	4	4	5	2	7	13	14	19	25	58	168	220	9	2	3	3	5	0	6	9	9	12	15	14	31	65	151	242	59	27	18	10	4	3	2	1	0	0	0	0	0	0	0	0	0	0
23.05.2019 15:55	0	0	0	0	0	0	0	0	0	1	0	2	1	1	2	1	0	2	3	3	2	2	2	6	3	3	1	3	5	3	2	3	2	3	2	2	0	4	3	5	2	7	0	3	0	3	5	5	2	5	7	8	2	9	11	7	13	15	24	41	214	195	4	6	4	6	4	3	7	5	10	4	10	9	21	71	153	233	61	39	10	9	3	3	0	0	0	0	0	0	0	0	0	0	0	0
23.05.2019 14:55	0	0	0	0	0	0	0	0	0	1	1	0	2	3	5	2	1	5	2	0	4	2	3	2	3	3	1	0	2	4	1	2	3	3	4	2	3	3	2	2	1	2	1	2	4	3	2	4	2	5	3	2	12	10	5	6	13	18	38	51	206	199	1	2	3	5	4	4	5	5	8	7	9	22	19	67	148	255	89	32	20	6	10	5	1	0	0	0	0	0	0	0	0	0	0	0
23.05.2019 13:55	0	0	0	0	0	0	0	0	0	0	1	1	1	3	2	2	5	2	4	3	5	3	3	0	3	1	0	5	4	6	0	0	3	1	1	2	0	3	4	2	1	2	4	4	4	4	2	3	5	4	6	8	9	11	10	8	16	18	30	52	250	250	9	0	1	3	3	4	4	12	10	6	7	17	16	53	179	232	64	16	16	10	1	1	0	1	0	0	0	0	0	0	0	0	0	0
23.05.2019 12:55	0	0	0	0	0	0	0	0	0	1	1	1	3	1	2	1	0	3	1	1	2	1	1	1	2	0	2	2	2	0	3	0	0	2	0	1	1	3	2	2	2	3	0	2	0	5	2	3	3	5	2	3	5	1	10	8	13	16	28	48	255	203	5	2	0	0	0	2	1	1	1	0	4	1	7	5	30	40	9	3	2	1	0	0	0	0	0	0	0	0	0	0	0	0	0	0
